0 0.801042 0.268981 0.009375 0.021296
0 0.936458 0.332870 0.012500 0.030556
0 0.886458 0.326389 0.015625 0.037963
2 0.680208 0.463426 0.044792 0.115741
2 0.124740 0.422222 0.042188 0.090741
2 0.725781 0.256944 0.013021 0.037963
2 0.705990 0.272222 0.018229 0.046296
2 0.685417 0.311111 0.025000 0.064815
2 0.291667 0.298611 0.035417 0.073148
2 0.402083 0.247222 0.022917 0.046296
2 0.615365 0.191667 0.007812 0.014815
2 0.629687 0.211574 0.009375 0.019444
2 0.598958 0.211111 0.010417 0.024074
2 0.559896 0.214352 0.012500 0.026852
2 0.492969 0.222222 0.018229 0.038889
2 0.652083 0.196759 0.006250 0.013889
2 0.678906 0.209722 0.007812 0.015741
2 0.699740 0.219907 0.007812 0.017593
2 0.711979 0.225926 0.007292 0.018519
