2 0.004948 0.328241 0.008854 0.026852
2 0.061458 0.300926 0.011458 0.027778
2 0.056510 0.321759 0.017188 0.037963
2 0.117448 0.275926 0.011979 0.029630
2 0.145833 0.282870 0.015625 0.039815
2 0.203646 0.243519 0.011458 0.029630
2 0.195833 0.271759 0.018750 0.043519
2 0.241146 0.266667 0.018750 0.048148
2 0.043229 0.684259 0.072917 0.181481
2 0.265365 0.307407 0.024479 0.068519
2 0.224740 0.381944 0.035937 0.095370
2 0.268750 0.227778 0.012500 0.029630
2 0.342708 0.215741 0.012500 0.029630
2 0.927604 0.706481 0.078125 0.190741
2 0.421875 0.211574 0.015625 0.034259
2 0.508333 0.220833 0.018750 0.045370
2 0.590885 0.249537 0.026562 0.056481
2 0.691406 0.332870 0.034896 0.086111
