2 0.843490 0.421759 0.044271 0.106481
2 0.208333 0.191667 0.006250 0.012963
2 0.204427 0.206019 0.006771 0.015741
2 0.273177 0.181019 0.006771 0.015741
2 0.261979 0.201389 0.009375 0.021296
2 0.312500 0.204630 0.009375 0.024074
2 0.330208 0.208796 0.011458 0.026852
2 0.346354 0.218519 0.012500 0.029630
2 0.345052 0.174074 0.007812 0.018519
2 0.362760 0.237500 0.015104 0.037963
2 0.364323 0.288889 0.021354 0.055556
2 0.302083 0.393519 0.039583 0.087037
2 0.435677 0.174537 0.008854 0.023148
2 0.472396 0.178241 0.010417 0.028704
2 0.510938 0.187037 0.013542 0.031481
2 0.683594 0.267593 0.022396 0.057407
2 0.571615 0.207870 0.017188 0.037963
