1 0.213802 0.231944 0.011979 0.025000
1 0.075000 0.297685 0.012500 0.032407
2 0.107292 0.319444 0.018750 0.042593
2 0.166927 0.361111 0.025521 0.064815
2 0.180729 0.525000 0.043750 0.122222
2 0.061719 0.281944 0.009896 0.026852
2 0.069271 0.268981 0.008333 0.017593
2 0.089583 0.253241 0.008333 0.015741
2 0.728906 0.367593 0.045312 0.101852
2 0.190885 0.209259 0.006771 0.016667
2 0.230729 0.192593 0.006250 0.012963
2 0.172396 0.232407 0.008333 0.020370
2 0.283854 0.234259 0.014583 0.037037
2 0.451823 0.244444 0.024479 0.053704
2 0.162500 0.229630 0.008333 0.018519
2 0.131771 0.226389 0.006250 0.015741
