2 0.051562 0.313426 0.013542 0.032407
2 0.148438 0.283796 0.017708 0.036111
2 0.149740 0.254167 0.009896 0.023148
2 0.188021 0.280556 0.016667 0.038889
2 0.205990 0.235185 0.010937 0.025926
2 0.266667 0.222685 0.010417 0.026852
2 0.263021 0.272685 0.017708 0.043519
2 0.277083 0.300000 0.025000 0.055556
2 0.122917 0.518056 0.050000 0.112037
2 0.244792 0.360648 0.030208 0.071296
2 0.337240 0.210185 0.011979 0.031481
2 0.416146 0.206019 0.014583 0.032407
2 0.944792 0.792593 0.085417 0.198148
2 0.496875 0.216667 0.018750 0.037037
2 0.600260 0.251389 0.023438 0.049074
2 0.704688 0.339352 0.034375 0.078704
1 0.063542 0.285185 0.011458 0.025926
