2 0.059896 0.330093 0.017708 0.047222
2 0.065365 0.291204 0.011979 0.030556
2 0.247396 0.208796 0.010417 0.025000
2 0.310417 0.218056 0.015625 0.034259
2 0.452865 0.159259 0.006771 0.018519
2 0.535417 0.166204 0.009375 0.021296
2 0.531771 0.153241 0.004167 0.013889
2 0.603646 0.159722 0.005208 0.019444
2 0.586719 0.150926 0.004687 0.012963
2 0.648438 0.156944 0.005208 0.012037
2 0.680990 0.157870 0.004687 0.010185
2 0.701042 0.160648 0.004167 0.006481
2 0.714844 0.161574 0.003646 0.006481
1 0.376823 0.258796 0.018229 0.049074
1 0.380990 0.235185 0.014063 0.042593
1 0.387240 0.218056 0.013021 0.036111
1 0.364844 0.174537 0.007812 0.019444
1 0.584115 0.168519 0.008854 0.020370
1 0.567969 0.193056 0.014063 0.030556
1 0.580990 0.211111 0.015104 0.033333
1 0.611719 0.242593 0.017188 0.044444
1 0.631771 0.205556 0.013542 0.031481
1 0.624740 0.174537 0.014063 0.017593
1 0.647917 0.177315 0.008333 0.021296
1 0.707292 0.186574 0.009375 0.019444
1 0.707292 0.218056 0.012500 0.032407
1 0.732292 0.193981 0.012500 0.015741
1 0.766667 0.203241 0.007292 0.021296
1 0.792448 0.243519 0.013021 0.033333
1 0.826042 0.220833 0.007292 0.023148
