1 0.092448 0.244907 0.069271 0.162037
1 0.342187 0.360185 0.039583 0.085185
1 0.738281 0.444907 0.036979 0.106481
1 0.916146 0.794907 0.085417 0.186111
1 0.973698 0.382870 0.023438 0.054630
1 0.963802 0.320833 0.016146 0.039815
1 0.869531 0.297222 0.016146 0.040741
1 0.831771 0.339352 0.025000 0.060185
1 0.779427 0.297222 0.023438 0.051852
1 0.864844 0.259259 0.014063 0.029630
1 0.730469 0.263426 0.021354 0.043519
1 0.769271 0.236574 0.014583 0.032407
1 0.785937 0.217130 0.012500 0.023148
1 0.702604 0.200463 0.011458 0.025000
1 0.693750 0.240278 0.018750 0.039815
1 0.660937 0.218519 0.015625 0.033333
1 0.635156 0.203241 0.014063 0.030556
1 0.616406 0.188889 0.010937 0.025926
1 0.422656 0.197222 0.014063 0.029630
1 0.438802 0.167130 0.010937 0.019444
1 0.467187 0.171296 0.012500 0.014815
1 0.490104 0.170833 0.011458 0.021296
1 0.513281 0.175463 0.014063 0.017593
1 0.535677 0.175000 0.011979 0.024074
