1 0.444010 0.325926 0.041146 0.098148
1 0.343490 0.356944 0.038021 0.082407
1 0.737240 0.443519 0.038021 0.107407
1 0.830990 0.338426 0.026562 0.062037
1 0.869010 0.296296 0.016146 0.040741
1 0.778385 0.296296 0.024479 0.051852
1 0.864844 0.258796 0.014063 0.028704
1 0.729948 0.262037 0.022396 0.044444
1 0.694271 0.240278 0.019792 0.037963
1 0.768490 0.236574 0.015104 0.032407
1 0.785937 0.218056 0.011458 0.025000
1 0.702083 0.200926 0.012500 0.024074
1 0.661719 0.218519 0.016146 0.033333
1 0.635938 0.202315 0.016667 0.028704
1 0.617188 0.189352 0.010417 0.025000
1 0.535417 0.174537 0.011458 0.021296
1 0.913542 0.789352 0.085417 0.189815
1 0.963802 0.320370 0.016146 0.037037
1 0.973177 0.382407 0.023438 0.055556
