2 0.201042 0.495833 0.044792 0.121296
2 0.969271 0.640278 0.060417 0.178704
2 0.235417 0.366204 0.029167 0.073148
2 0.239844 0.287500 0.020313 0.047222
2 0.280469 0.252315 0.016146 0.034259
2 0.326562 0.226389 0.014583 0.032407
2 0.365365 0.213426 0.014063 0.026852
2 0.422135 0.201389 0.011979 0.023148
2 0.742969 0.396296 0.042188 0.098148
2 0.594792 0.287963 0.026042 0.066667
2 0.518490 0.261111 0.024479 0.057407
2 0.477865 0.238426 0.017188 0.043519
2 0.492188 0.218519 0.014583 0.037037
2 0.476042 0.193981 0.009375 0.023148
2 0.532813 0.193056 0.010417 0.023148
2 0.546615 0.211574 0.015104 0.032407
2 0.582292 0.193056 0.010417 0.025000
2 0.626823 0.213889 0.013021 0.029630
2 0.607292 0.191204 0.008333 0.019444
2 0.626042 0.189815 0.010417 0.020370
2 0.653646 0.215741 0.013542 0.031481
2 0.702344 0.216667 0.010937 0.025926
2 0.638542 0.186111 0.007292 0.018519
2 0.728385 0.211574 0.009896 0.026852
2 0.744792 0.206019 0.007292 0.025000
1 0.736458 0.191667 0.006250 0.016667
1 0.648177 0.177778 0.004687 0.016667
