1 0.396615 0.183796 0.010937 0.025000
1 0.529167 0.181019 0.010417 0.026852
2 0.775000 0.408796 0.043750 0.099074
2 0.547135 0.205093 0.013021 0.030556
2 0.607552 0.251389 0.021354 0.045370
2 0.313281 0.294444 0.023438 0.055556
2 0.361719 0.216667 0.016146 0.035185
2 0.289583 0.186574 0.006250 0.017593
2 0.509635 0.148611 0.004687 0.010185
2 0.493229 0.148148 0.005208 0.012963
2 0.476562 0.150926 0.005208 0.012963
2 0.465885 0.153241 0.005729 0.012037
2 0.457292 0.155556 0.005208 0.014815
2 0.440365 0.162963 0.006771 0.014815
2 0.418750 0.172685 0.008333 0.019444
0 0.557552 0.166204 0.005729 0.017593
0 0.573958 0.154167 0.005208 0.012037
0 0.595573 0.162500 0.006771 0.015741
