2 0.279167 0.473148 0.052083 0.116667
2 0.746615 0.351852 0.027604 0.074074
2 0.710417 0.193519 0.010417 0.022222
2 0.630990 0.262500 0.022396 0.045370
2 0.346094 0.276852 0.023438 0.053704
2 0.362240 0.228241 0.014063 0.034259
2 0.365365 0.208333 0.010937 0.024074
2 0.368490 0.193519 0.009896 0.016667
2 0.377344 0.184259 0.007812 0.016667
2 0.393750 0.178704 0.006250 0.011111
2 0.419792 0.171759 0.005208 0.012037
2 0.444271 0.170370 0.006250 0.011111
2 0.460938 0.167130 0.005208 0.012037
2 0.473438 0.176389 0.006250 0.013889
2 0.487240 0.182870 0.007812 0.021296
2 0.516146 0.196296 0.010417 0.025926
2 0.564063 0.224074 0.017708 0.031481
