2 0.230208 0.205556 0.006250 0.018519
2 0.266667 0.206944 0.008333 0.023148
2 0.352865 0.183333 0.007812 0.016667
2 0.314323 0.182870 0.006771 0.015741
2 0.325521 0.225463 0.014583 0.032407
2 0.349740 0.256481 0.017188 0.044444
2 0.932813 0.468519 0.042708 0.100000
2 0.141667 0.568519 0.054167 0.127778
2 0.324740 0.318056 0.025521 0.063889
2 0.404687 0.183333 0.008333 0.020370
2 0.476042 0.188889 0.010417 0.024074
2 0.520833 0.193981 0.012500 0.028704
2 0.759115 0.310648 0.029687 0.062037
2 0.612240 0.221759 0.017188 0.037963
1 0.291927 0.181944 0.006771 0.015741
