2 0.017448 0.292130 0.013021 0.034259
2 0.070052 0.316204 0.019271 0.049074
2 0.115885 0.418056 0.040104 0.084259
2 0.163802 0.229167 0.010937 0.032407
2 0.200260 0.274074 0.021354 0.048148
2 0.224479 0.318981 0.030208 0.060185
2 0.268229 0.273148 0.021875 0.051852
2 0.261198 0.202315 0.013021 0.030556
2 0.679948 0.490741 0.057813 0.127778
2 0.623437 0.335185 0.034375 0.075926
2 0.589063 0.266204 0.022917 0.052778
2 0.543490 0.229630 0.020313 0.042593
2 0.427083 0.196759 0.015625 0.032407
2 0.489063 0.211111 0.016667 0.037037
2 0.355729 0.192593 0.014583 0.031481
