2 0.106250 0.539352 0.058333 0.152778
2 0.950521 0.817593 0.093750 0.205556
2 0.751302 0.349074 0.029687 0.079630
2 0.401823 0.263889 0.024479 0.062963
2 0.538802 0.206019 0.018229 0.036111
2 0.733594 0.263889 0.018229 0.046296
2 0.652865 0.195833 0.013021 0.028704
2 0.774219 0.243056 0.016146 0.036111
2 0.811979 0.244907 0.012500 0.030556
2 0.771354 0.212500 0.009375 0.019444
2 0.715104 0.200926 0.010417 0.025926
2 0.853385 0.252778 0.009896 0.024074
2 0.884375 0.242593 0.005208 0.014815
2 0.867969 0.231944 0.005729 0.013889
0 0.939844 0.280093 0.006771 0.017593
0 0.927604 0.287037 0.009375 0.024074
0 0.922135 0.268519 0.006771 0.016667
