2 0.266146 0.180556 0.006250 0.016667
2 0.282813 0.171296 0.005208 0.012963
2 0.292969 0.183333 0.008854 0.018519
2 0.303646 0.165741 0.006250 0.011111
2 0.358333 0.162963 0.006250 0.012963
2 0.368490 0.164815 0.005729 0.012963
2 0.377344 0.185648 0.009896 0.021296
2 0.412760 0.167130 0.006771 0.017593
2 0.441667 0.187037 0.010417 0.029630
2 0.473438 0.168056 0.009375 0.019444
2 0.531771 0.174074 0.008333 0.018519
2 0.526042 0.193981 0.011458 0.026852
2 0.479687 0.250000 0.023958 0.053704
2 0.576562 0.202315 0.011458 0.030556
2 0.592969 0.182407 0.007812 0.020370
2 0.612240 0.213426 0.007812 0.028704
2 0.604948 0.221296 0.011979 0.035185
2 0.569271 0.232870 0.017708 0.041667
2 0.153646 0.405556 0.040625 0.090741
2 0.346094 0.293519 0.032813 0.061111
2 0.773698 0.591204 0.053646 0.149074
2 0.780990 0.443519 0.040104 0.101852
2 0.814323 0.374074 0.027604 0.070370
2 0.840885 0.339352 0.022396 0.056481
2 0.860417 0.312500 0.016667 0.045370
2 0.851562 0.288426 0.015625 0.037963
2 0.654687 0.193056 0.009375 0.023148
2 0.834115 0.268056 0.014063 0.034259
2 0.794271 0.241667 0.012500 0.027778
2 0.742969 0.218056 0.010937 0.025000
2 0.470833 0.149537 0.003125 0.006481
2 0.476042 0.143981 0.003125 0.008333
2 0.481771 0.149074 0.004167 0.007407
