1 0.766667 0.214815 0.011458 0.025926
1 0.884115 0.254167 0.010937 0.025000
2 0.122656 0.451852 0.048438 0.116667
2 0.278385 0.337500 0.035937 0.076852
2 0.436198 0.269444 0.023438 0.057407
2 0.557552 0.254167 0.022396 0.049074
2 0.667969 0.260185 0.020313 0.046296
2 0.772917 0.260648 0.014583 0.034259
2 0.686198 0.172222 0.006771 0.014815
2 0.709375 0.179630 0.007292 0.014815
2 0.734896 0.193981 0.008333 0.017593
2 0.705469 0.165278 0.005729 0.013889
2 0.752083 0.182407 0.006250 0.016667
2 0.745052 0.264352 0.017188 0.041667
2 0.782292 0.231481 0.009375 0.025926
2 0.789844 0.198148 0.005729 0.018519
2 0.832812 0.220370 0.008333 0.020370
2 0.925781 0.286574 0.013021 0.030556
2 0.963542 0.324537 0.014583 0.036111
2 0.980208 0.356019 0.016667 0.041667
2 0.786979 0.560648 0.053125 0.162037
2 0.853646 0.452315 0.036458 0.106481
2 0.974219 0.419444 0.022396 0.066667
2 0.946354 0.419907 0.029167 0.071296
