2 0.122917 0.566667 0.062500 0.164815
2 0.107552 0.233333 0.008854 0.025926
2 0.023177 0.253241 0.006771 0.017593
2 0.018490 0.266204 0.009896 0.021296
2 0.223177 0.189352 0.007812 0.023148
2 0.232813 0.201852 0.011458 0.025926
2 0.178906 0.212963 0.010937 0.024074
2 0.292448 0.195833 0.011979 0.032407
2 0.307292 0.176852 0.009375 0.022222
2 0.333333 0.199074 0.013542 0.035185
2 0.378646 0.172685 0.008333 0.023148
2 0.382812 0.221759 0.019792 0.047222
2 0.371094 0.286574 0.027604 0.075000
2 0.685156 0.302778 0.031771 0.070370
2 0.556250 0.206019 0.016667 0.041667
2 0.447396 0.176389 0.013542 0.028704
0 0.120833 0.217130 0.007292 0.019444
0 0.058594 0.228704 0.006771 0.014815
0 0.069792 0.218981 0.006250 0.012037
