2 0.073698 0.252778 0.007812 0.018519
2 0.067448 0.247685 0.005729 0.015741
2 0.094271 0.231019 0.007292 0.013889
2 0.119271 0.242593 0.010417 0.020370
2 0.175521 0.231481 0.010417 0.025926
2 0.167448 0.216667 0.007812 0.016667
2 0.202865 0.208796 0.007812 0.019444
2 0.141406 0.210185 0.005729 0.012963
2 0.149479 0.218056 0.006250 0.015741
2 0.223958 0.360648 0.036458 0.089815
2 0.345313 0.250463 0.017708 0.047222
2 0.254948 0.218056 0.013021 0.026852
2 0.324740 0.214815 0.013021 0.031481
2 0.336198 0.189352 0.008854 0.023148
2 0.684375 0.401389 0.043750 0.119444
2 0.590885 0.250000 0.020313 0.050000
2 0.534115 0.211111 0.015104 0.035185
2 0.434896 0.190278 0.011458 0.023148
