2 0.394792 0.220833 0.014583 0.034259
2 0.419792 0.237037 0.017708 0.044444
2 0.481510 0.260185 0.025521 0.055556
2 0.685417 0.401852 0.046875 0.111111
2 0.050260 0.617593 0.059896 0.150000
2 0.549219 0.315278 0.035937 0.078704
2 0.135937 0.381481 0.029167 0.074074
2 0.186719 0.302315 0.020313 0.049074
2 0.206510 0.272222 0.014063 0.037037
2 0.230990 0.246296 0.013021 0.031481
2 0.255990 0.225463 0.010937 0.025000
2 0.279948 0.209722 0.008854 0.023148
2 0.311198 0.187963 0.005729 0.016667
2 0.335677 0.182870 0.006771 0.015741
2 0.355729 0.178704 0.006250 0.016667
2 0.381250 0.175463 0.006250 0.013889
