2 0.496875 0.147222 0.006250 0.014815
2 0.535677 0.153241 0.006771 0.015741
2 0.561719 0.157870 0.006771 0.019444
2 0.591667 0.168981 0.007292 0.019444
2 0.604167 0.153241 0.007292 0.017593
2 0.646094 0.164352 0.007812 0.021296
2 0.654167 0.206944 0.012500 0.026852
2 0.658594 0.249537 0.017188 0.041667
2 0.631510 0.265741 0.023438 0.048148
2 0.539062 0.286111 0.029167 0.057407
2 0.695573 0.181481 0.009896 0.020370
2 0.384115 0.318981 0.034896 0.073148
2 0.191146 0.412963 0.033333 0.096296
2 0.806771 0.240741 0.013542 0.031481
2 0.859635 0.280556 0.018229 0.038889
2 0.896094 0.319907 0.019271 0.045370
2 0.923438 0.369907 0.019792 0.052778
2 0.932813 0.468056 0.032292 0.097222
2 0.670312 0.237500 0.013542 0.034259
2 0.909115 0.669907 0.064062 0.173148
1 0.755990 0.209722 0.010937 0.025000
1 0.630208 0.188889 0.010417 0.025926
