2 0.824740 0.443056 0.050521 0.113889
2 0.267969 0.444907 0.055729 0.128704
2 0.322917 0.319907 0.026042 0.073148
2 0.288542 0.273148 0.023958 0.055556
2 0.330469 0.212963 0.014063 0.031481
2 0.642188 0.276389 0.027083 0.062037
2 0.466667 0.216667 0.017708 0.037037
2 0.199740 0.268056 0.018229 0.041667
2 0.229948 0.227315 0.013021 0.026852
2 0.015365 0.302315 0.010937 0.026852
2 0.023438 0.287500 0.007292 0.019444
2 0.051042 0.297222 0.013542 0.031481
2 0.106771 0.286111 0.015625 0.040741
2 0.065365 0.257407 0.006771 0.018519
2 0.168490 0.239352 0.010937 0.025000
2 0.117188 0.243981 0.008333 0.021296
2 0.129688 0.248148 0.009375 0.020370
2 0.176042 0.214815 0.007292 0.014815
