1 0.422135 0.231481 0.019271 0.040741
1 0.650260 0.257870 0.019271 0.047222
2 0.319531 0.201389 0.008854 0.021296
2 0.274479 0.339815 0.031250 0.068519
2 0.476823 0.205556 0.013021 0.031481
2 0.520833 0.187963 0.011458 0.024074
2 0.549479 0.179630 0.010417 0.022222
2 0.563281 0.176389 0.007812 0.019444
2 0.577865 0.175000 0.006771 0.014815
2 0.601302 0.172222 0.006771 0.016667
2 0.622135 0.174074 0.006771 0.014815
0 0.745313 0.202315 0.005208 0.015741
0 0.741146 0.217593 0.008333 0.020370
0 0.690885 0.220370 0.009896 0.027778
0 0.681771 0.194907 0.007292 0.017593
0 0.705729 0.197222 0.007292 0.016667
0 0.775260 0.216204 0.006771 0.019444
2 0.695052 0.366667 0.032813 0.081481
