2 0.841406 0.258796 0.006771 0.017593
2 0.860938 0.277315 0.010417 0.023148
2 0.818750 0.260648 0.011458 0.028704
2 0.805208 0.243981 0.008333 0.019444
2 0.770833 0.248611 0.011458 0.032407
2 0.765104 0.230093 0.007292 0.017593
2 0.709115 0.244444 0.013021 0.035185
2 0.711979 0.213889 0.009375 0.022222
2 0.687760 0.268981 0.019271 0.045370
2 0.784375 0.419444 0.041667 0.096296
2 0.654427 0.203241 0.010937 0.023148
2 0.602344 0.196759 0.014063 0.030556
2 0.546094 0.198148 0.014063 0.027778
2 0.482031 0.207870 0.016146 0.034259
2 0.261979 0.376852 0.042708 0.087037
2 0.409635 0.229167 0.021354 0.045370
0 0.959896 0.329630 0.007292 0.018519
0 0.950781 0.329167 0.009896 0.025000
