2 0.005208 0.314815 0.009375 0.024074
2 0.009896 0.301852 0.007292 0.018519
2 0.038802 0.306944 0.013021 0.030556
2 0.048438 0.273148 0.007292 0.016667
2 0.090104 0.292130 0.014583 0.032407
2 0.213021 0.375926 0.035417 0.088889
2 0.266927 0.295370 0.021354 0.064815
2 0.247135 0.265278 0.018229 0.049074
2 0.096354 0.256481 0.008333 0.020370
2 0.110937 0.256481 0.008333 0.020370
2 0.146094 0.244444 0.010937 0.027778
2 0.173437 0.268056 0.015625 0.041667
2 0.195052 0.203704 0.006771 0.016667
2 0.201302 0.230093 0.010937 0.026852
2 0.153646 0.222222 0.006250 0.014815
2 0.651563 0.335185 0.037500 0.094444
2 0.291146 0.210648 0.013542 0.030556
2 0.410417 0.203241 0.015625 0.032407
2 0.544531 0.236111 0.024479 0.051852
