2 0.418490 0.212037 0.017188 0.042593
2 0.463542 0.188889 0.013542 0.031481
2 0.510938 0.179167 0.009375 0.025000
2 0.613542 0.226389 0.017708 0.039815
2 0.582292 0.169907 0.008333 0.019444
2 0.608594 0.204167 0.013021 0.032407
2 0.627344 0.193519 0.011979 0.029630
2 0.664323 0.193519 0.008854 0.025926
2 0.677865 0.180556 0.005729 0.014815
2 0.724740 0.195370 0.008854 0.020370
2 0.764062 0.195833 0.005208 0.017593
2 0.794792 0.212500 0.007292 0.019444
2 0.845313 0.219444 0.008333 0.018519
2 0.877344 0.240741 0.007812 0.018519
2 0.901563 0.243056 0.006250 0.013889
2 0.951042 0.268519 0.007292 0.018519
2 0.990365 0.286111 0.007812 0.018519
1 0.318490 0.306481 0.027604 0.062963
1 0.684115 0.318519 0.029687 0.068519
