1 0.584115 0.198611 0.013021 0.026852
1 0.738802 0.242130 0.014063 0.036111
2 0.290885 0.347685 0.039062 0.080556
2 0.394010 0.268981 0.026562 0.056481
2 0.469010 0.234722 0.021354 0.043519
2 0.528646 0.207870 0.013542 0.032407
2 0.737240 0.280093 0.017188 0.047222
2 0.751042 0.334722 0.026042 0.065741
2 0.817448 0.459259 0.040104 0.098148
2 0.128646 0.288889 0.007292 0.020370
2 0.143229 0.270370 0.006250 0.016667
2 0.034115 0.338889 0.006771 0.018519
2 0.073438 0.305556 0.006250 0.016667
2 0.219531 0.248148 0.006771 0.020370
2 0.212500 0.240741 0.006250 0.016667
2 0.289844 0.211574 0.005729 0.015741
2 0.348698 0.193519 0.005729 0.014815
2 0.389323 0.192593 0.006771 0.016667
2 0.446875 0.180556 0.007292 0.012963
2 0.620573 0.194444 0.010937 0.022222
2 0.676823 0.198148 0.008854 0.018519
2 0.736979 0.206481 0.009375 0.018519
2 0.753906 0.233333 0.010937 0.029630
2 0.781510 0.235185 0.011979 0.025926
2 0.785937 0.217593 0.008333 0.020370
2 0.816927 0.242593 0.010937 0.024074
2 0.850781 0.253241 0.009896 0.025000
2 0.893750 0.270833 0.009375 0.023148
2 0.878125 0.252315 0.007292 0.017593
2 0.833333 0.234722 0.008333 0.017593
2 0.936458 0.290278 0.010417 0.021296
2 0.919792 0.267593 0.006250 0.016667
2 0.913542 0.262963 0.006250 0.016667
2 0.906250 0.262500 0.007292 0.017593
2 0.985677 0.311574 0.009896 0.023148
2 0.931250 0.264815 0.005208 0.012963
