2 0.014583 0.340278 0.007292 0.017593
2 0.068750 0.321759 0.010417 0.021296
2 0.087240 0.299537 0.006771 0.013889
2 0.160417 0.262037 0.007292 0.014815
2 0.166146 0.273148 0.008333 0.020370
2 0.242448 0.227778 0.006771 0.016667
2 0.267708 0.230556 0.008333 0.018519
2 0.305208 0.206019 0.006250 0.015741
2 0.346875 0.204167 0.007292 0.015741
2 0.407292 0.187963 0.008333 0.014815
2 0.360677 0.190278 0.005729 0.012037
2 0.434375 0.181944 0.007292 0.015741
2 0.455729 0.178704 0.006250 0.014815
2 0.200260 0.453704 0.053646 0.131481
2 0.345833 0.313889 0.032292 0.070370
2 0.434115 0.256944 0.024479 0.052778
2 0.499479 0.220833 0.018750 0.034259
2 0.900000 0.584259 0.055208 0.129630
2 0.779687 0.382870 0.031250 0.078704
2 0.742188 0.301852 0.019792 0.053704
2 0.594010 0.200000 0.013021 0.025926
2 0.651823 0.199537 0.011979 0.021296
2 0.712760 0.208333 0.009896 0.020370
2 0.740104 0.240741 0.010417 0.029630
2 0.762760 0.219444 0.009896 0.020370
2 0.765885 0.238426 0.010937 0.028704
2 0.800000 0.245370 0.011458 0.025926
2 0.811198 0.233796 0.008854 0.017593
2 0.834635 0.255556 0.010937 0.025926
2 0.857031 0.250463 0.008854 0.015741
2 0.870052 0.248611 0.006771 0.013889
2 0.878385 0.270833 0.009896 0.023148
2 0.884896 0.259722 0.006250 0.017593
2 0.889844 0.257870 0.005729 0.015741
2 0.897396 0.264352 0.007292 0.015741
2 0.904427 0.257870 0.005729 0.013889
2 0.970313 0.290278 0.006250 0.015741
2 0.969271 0.309722 0.012500 0.023148
2 0.920833 0.289352 0.009375 0.023148
2 0.938281 0.275463 0.005729 0.013889
0 0.088021 0.283333 0.006250 0.014815
0 0.105990 0.269907 0.005729 0.012037
0 0.158594 0.249074 0.005729 0.011111
0 0.163021 0.243981 0.005208 0.012037
0 0.215885 0.227315 0.005729 0.012037
0 0.219792 0.223148 0.005208 0.012963
0 0.284896 0.204630 0.005208 0.012963
0 0.335677 0.189815 0.005729 0.011111
0 0.346354 0.191204 0.005208 0.012037
0 0.379688 0.183796 0.005208 0.012037
0 0.388281 0.179630 0.004687 0.011111
1 0.520052 0.170370 0.005729 0.011111
1 0.557552 0.206019 0.015104 0.032407
1 0.729427 0.253704 0.015104 0.035185
