0 0.881771 0.287963 0.009375 0.024074
0 0.917188 0.323611 0.012500 0.036111
0 0.978385 0.396759 0.023438 0.052778
0 0.787240 0.268056 0.011979 0.032407
0 0.775521 0.305556 0.018750 0.048148
0 0.782031 0.363426 0.026562 0.069444
2 0.209635 0.425000 0.044271 0.103704
2 0.651302 0.271759 0.019271 0.049074
2 0.626042 0.227778 0.012500 0.031481
2 0.325260 0.299537 0.028646 0.060185
2 0.392188 0.246296 0.021875 0.046296
2 0.455729 0.208333 0.013542 0.031481
2 0.494792 0.194444 0.009375 0.024074
2 0.531250 0.189352 0.007292 0.019444
2 0.557292 0.187963 0.007292 0.016667
2 0.585417 0.188889 0.007292 0.014815
2 0.611198 0.192130 0.005729 0.012037
