1 0.376042 0.261574 0.017708 0.045370
1 0.381771 0.236574 0.014583 0.043519
1 0.387240 0.219907 0.013021 0.036111
1 0.612240 0.243519 0.018229 0.044444
1 0.582292 0.214352 0.015625 0.034259
1 0.567969 0.193519 0.014063 0.029630
1 0.631771 0.206019 0.012500 0.032407
1 0.584115 0.168519 0.008854 0.020370
1 0.624740 0.175926 0.013021 0.018519
1 0.648698 0.177778 0.008854 0.022222
1 0.364844 0.178704 0.010937 0.022222
2 0.060417 0.330093 0.017708 0.045370
2 0.065365 0.291667 0.009896 0.027778
2 0.311198 0.218519 0.016146 0.035185
2 0.247917 0.213889 0.009375 0.025926
2 0.452865 0.161111 0.006771 0.018519
2 0.535417 0.168519 0.009375 0.020370
2 0.530990 0.153704 0.006771 0.014815
2 0.603646 0.161574 0.007292 0.019444
2 0.587500 0.151852 0.006250 0.014815
1 0.792188 0.243056 0.013542 0.032407
2 0.648438 0.159722 0.005208 0.013889
2 0.680469 0.160185 0.004687 0.012963
2 0.701042 0.161574 0.004167 0.008333
