2 0.789583 0.868056 0.084375 0.239815
2 0.704167 0.361574 0.032292 0.080556
2 0.345573 0.306481 0.030729 0.068519
2 0.453385 0.227778 0.016146 0.040741
2 0.477865 0.200926 0.010937 0.029630
2 0.488021 0.183796 0.010417 0.025000
2 0.501563 0.174537 0.009375 0.023148
2 0.513542 0.169444 0.007292 0.018519
2 0.599740 0.178241 0.008854 0.021296
2 0.608333 0.189352 0.009375 0.023148
2 0.630990 0.206019 0.014063 0.032407
2 0.666667 0.250000 0.019792 0.042593
2 0.596875 0.159259 0.006250 0.012963
2 0.610938 0.172685 0.008333 0.019444
