2 0.032292 0.733333 0.063542 0.175926
2 0.068490 0.430556 0.030729 0.075926
2 0.135937 0.446296 0.033333 0.092593
2 0.163802 0.523611 0.045312 0.123148
2 0.154427 0.283796 0.013021 0.032407
2 0.234375 0.267130 0.015625 0.036111
2 0.928125 0.488889 0.043750 0.105556
2 0.759375 0.333333 0.032292 0.070370
2 0.333854 0.251389 0.017708 0.039815
2 0.443750 0.246296 0.020833 0.042593
2 0.625521 0.271759 0.027083 0.052778
2 0.037760 0.290278 0.006771 0.015741
2 0.073438 0.288889 0.008333 0.020370
2 0.097135 0.292593 0.010937 0.027778
2 0.085938 0.274074 0.006250 0.016667
2 0.067708 0.272685 0.006250 0.013889
2 0.086198 0.262963 0.005729 0.011111
2 0.106771 0.261111 0.006250 0.016667
2 0.117448 0.250000 0.005729 0.011111
2 0.129688 0.250463 0.006250 0.013889
2 0.143750 0.237500 0.006250 0.012037
2 0.162240 0.235648 0.006771 0.012037
2 0.189062 0.225926 0.006250 0.011111
2 0.217448 0.215741 0.005729 0.012963
2 0.243229 0.207407 0.006250 0.012963
2 0.195573 0.218056 0.004687 0.010185
2 0.169271 0.227315 0.005208 0.010185
2 0.267969 0.200926 0.006771 0.011111
2 0.283854 0.195370 0.005208 0.011111
2 0.290104 0.190278 0.004167 0.013889
2 0.262760 0.191204 0.004687 0.010185
2 0.238281 0.198148 0.005729 0.011111
2 0.282813 0.188426 0.005208 0.010185
2 0.158333 0.223148 0.006250 0.012963
2 0.116146 0.240278 0.005208 0.010185
2 0.085938 0.251389 0.005208 0.012037
