2 0.473958 0.166667 0.006250 0.016667
2 0.500781 0.165741 0.006771 0.018519
2 0.524219 0.164815 0.006771 0.018519
2 0.551823 0.166204 0.006771 0.015741
2 0.562240 0.239815 0.019271 0.046296
2 0.596615 0.278241 0.024479 0.065741
2 0.698438 0.371296 0.041667 0.098148
2 0.432552 0.188889 0.009896 0.024074
2 0.398698 0.205093 0.010937 0.030556
2 0.358073 0.231019 0.016146 0.036111
2 0.313542 0.263889 0.018750 0.046296
2 0.113021 0.494907 0.045833 0.112037
2 0.263021 0.318056 0.028125 0.067593
2 0.869531 0.653241 0.075521 0.191667
