0 0.177344 0.231481 0.006771 0.020370
0 0.182552 0.233796 0.007812 0.019444
0 0.190885 0.220370 0.007812 0.016667
0 0.208073 0.207870 0.006771 0.013889
0 0.224479 0.197222 0.006250 0.012963
0 0.112240 0.252315 0.006771 0.017593
0 0.126562 0.242130 0.006250 0.015741
0 0.151042 0.226852 0.006250 0.014815
0 0.177604 0.211574 0.006250 0.012037
2 0.124740 0.275000 0.011979 0.031481
2 0.193229 0.258796 0.014583 0.030556
2 0.244792 0.253241 0.016667 0.037963
2 0.282813 0.211574 0.012500 0.028704
2 0.295312 0.263426 0.020833 0.050926
2 0.319010 0.294444 0.024479 0.064815
2 0.263281 0.488426 0.048438 0.126852
2 0.812760 0.452315 0.051562 0.121296
2 0.376302 0.205093 0.014063 0.030556
2 0.464844 0.210185 0.017188 0.040741
2 0.564583 0.240278 0.021875 0.054630
2 0.050781 0.293981 0.010937 0.026852
2 0.086458 0.264815 0.009375 0.020370
2 0.043229 0.280556 0.007292 0.022222
2 0.051302 0.261574 0.005729 0.013889
2 0.032813 0.278704 0.006250 0.016667
