1 0.286979 0.268056 0.020833 0.047222
1 0.542448 0.240278 0.019271 0.050926
2 0.655729 0.391667 0.039583 0.109259
2 0.127083 0.476389 0.041667 0.097222
2 0.511458 0.197222 0.011458 0.031481
2 0.352865 0.206019 0.013021 0.032407
2 0.390104 0.186111 0.010417 0.024074
2 0.430729 0.173611 0.009375 0.019444
2 0.530990 0.174537 0.009896 0.023148
2 0.496875 0.161111 0.008333 0.018519
2 0.565104 0.169907 0.007292 0.019444
2 0.583854 0.159259 0.007292 0.014815
2 0.623437 0.169444 0.007292 0.014815
2 0.664062 0.165741 0.006250 0.014815
2 0.686719 0.175463 0.006771 0.017593
2 0.763281 0.190741 0.006771 0.014815
2 0.792969 0.191667 0.005729 0.012963
2 0.835938 0.208333 0.007292 0.014815
2 0.739844 0.178241 0.005729 0.015741
