2 0.980469 0.572222 0.039062 0.118519
2 0.158594 0.531019 0.053646 0.125000
2 0.217188 0.381944 0.037500 0.078704
2 0.192188 0.303241 0.018750 0.047222
2 0.411198 0.228241 0.018229 0.034259
2 0.482292 0.243519 0.019792 0.044444
2 0.577865 0.278704 0.025521 0.053704
2 0.735938 0.353704 0.034375 0.074074
2 0.145833 0.260185 0.009375 0.025926
2 0.138021 0.248611 0.007292 0.019444
2 0.232813 0.217593 0.009375 0.020370
2 0.267188 0.218056 0.009375 0.021296
1 0.155469 0.275926 0.014063 0.031481
1 0.319271 0.218981 0.015625 0.030556
