2 0.171094 0.484722 0.045312 0.112037
2 0.209896 0.363889 0.028125 0.068519
2 0.217188 0.289815 0.018750 0.044444
2 0.912240 0.593056 0.063021 0.156481
2 0.696615 0.368519 0.042188 0.096296
2 0.557813 0.274074 0.026042 0.064815
2 0.256771 0.253241 0.014583 0.036111
2 0.302865 0.225926 0.014063 0.033333
2 0.342187 0.210648 0.010417 0.028704
2 0.398438 0.196759 0.010417 0.023148
2 0.485938 0.249537 0.021875 0.052778
2 0.449740 0.231019 0.016146 0.041667
2 0.465365 0.209259 0.015104 0.035185
2 0.451562 0.188889 0.009375 0.022222
2 0.508594 0.183796 0.010937 0.023148
2 0.520833 0.203704 0.013542 0.031481
2 0.557292 0.180556 0.009375 0.022222
2 0.583594 0.179167 0.008854 0.019444
2 0.600521 0.202315 0.013542 0.026852
2 0.602344 0.177778 0.007812 0.020370
2 0.626823 0.200000 0.011979 0.031481
2 0.676042 0.200926 0.010417 0.024074
2 0.703385 0.194444 0.009896 0.025926
2 0.720313 0.193519 0.007292 0.018519
1 0.713021 0.174074 0.006250 0.016667
1 0.625260 0.165278 0.006771 0.015741
2 0.573438 0.148148 0.005208 0.011111
