2 0.226042 0.496759 0.060417 0.134259
2 0.518490 0.262500 0.026562 0.058333
2 0.586719 0.219907 0.014063 0.037963
2 0.589844 0.204167 0.010937 0.034259
2 0.556510 0.189815 0.011979 0.029630
2 0.841146 0.355093 0.029167 0.076852
2 0.785417 0.257870 0.016667 0.041667
2 0.739062 0.222222 0.014583 0.031481
2 0.649740 0.189352 0.009896 0.025000
2 0.559115 0.170833 0.008854 0.021296
2 0.493490 0.181019 0.009896 0.025000
2 0.486719 0.168056 0.007812 0.019444
2 0.436719 0.167593 0.007812 0.018519
2 0.421094 0.179167 0.010937 0.023148
2 0.312240 0.176389 0.007812 0.017593
2 0.322917 0.181019 0.009375 0.019444
2 0.367448 0.179630 0.008854 0.020370
2 0.403646 0.167593 0.008333 0.016667
2 0.384115 0.166667 0.006771 0.016667
