2 0.770052 0.714815 0.077604 0.225926
2 0.465365 0.253241 0.024479 0.054630
2 0.151823 0.431019 0.046354 0.113889
2 0.761979 0.351852 0.027083 0.077778
2 0.569531 0.218056 0.015104 0.036111
2 0.591146 0.206481 0.011458 0.027778
2 0.557813 0.172685 0.007292 0.017593
2 0.576562 0.182870 0.009375 0.025000
2 0.531510 0.162037 0.006771 0.016667
2 0.589323 0.167593 0.005729 0.014815
2 0.623437 0.179167 0.007292 0.017593
2 0.672656 0.198611 0.008854 0.021296
2 0.729167 0.226389 0.011458 0.028704
2 0.754427 0.247685 0.014063 0.034259
2 0.777344 0.286111 0.017188 0.046296
