0 0.387500 0.190741 0.008333 0.020370
0 0.417187 0.181481 0.007292 0.018519
0 0.461719 0.172685 0.007812 0.013889
0 0.457552 0.193519 0.009896 0.024074
0 0.489583 0.184259 0.009375 0.020370
0 0.506510 0.162963 0.005729 0.014815
0 0.528125 0.175000 0.007292 0.018519
0 0.535937 0.159722 0.006250 0.012037
0 0.561458 0.166204 0.006250 0.015741
0 0.582292 0.162500 0.005208 0.013889
0 0.598698 0.161574 0.004687 0.012037
2 0.552604 0.239352 0.021875 0.047222
2 0.186198 0.659259 0.058854 0.192593
2 0.969010 0.684259 0.061979 0.179630
2 0.706250 0.330093 0.035417 0.080556
2 0.344010 0.353241 0.034896 0.089815
2 0.340885 0.283333 0.025521 0.059259
2 0.268750 0.226852 0.012500 0.031481
2 0.297656 0.254167 0.015104 0.043519
2 0.352865 0.196759 0.008854 0.023148
2 0.321875 0.191204 0.008333 0.019444
2 0.330729 0.181481 0.006250 0.016667
2 0.350260 0.173611 0.006771 0.013889
2 0.235937 0.210648 0.008333 0.021296
2 0.259635 0.193519 0.005729 0.014815
2 0.289062 0.181019 0.006250 0.015741
2 0.371615 0.166204 0.004687 0.013889
