2 0.038542 0.865741 0.076042 0.205556
2 0.212240 0.528241 0.057813 0.132407
2 0.297396 0.373611 0.037500 0.084259
2 0.324740 0.307870 0.026562 0.067593
2 0.314844 0.229167 0.017188 0.041667
2 0.466667 0.177778 0.014583 0.033333
2 0.513542 0.191667 0.015625 0.038889
2 0.587240 0.221759 0.021354 0.049074
2 0.666146 0.259259 0.023958 0.061111
2 0.737240 0.318056 0.032813 0.078704
2 0.876042 0.444907 0.045833 0.110185
2 0.302865 0.214352 0.014063 0.039815
2 0.286719 0.204630 0.011979 0.029630
2 0.278385 0.190741 0.009896 0.024074
2 0.425260 0.169444 0.010937 0.025926
2 0.409896 0.165741 0.010417 0.024074
