1 0.639323 0.171759 0.006771 0.015741
1 0.658594 0.175926 0.007812 0.018519
1 0.624479 0.159722 0.006250 0.013889
1 0.648177 0.161574 0.005729 0.013889
1 0.732552 0.184259 0.006771 0.016667
1 0.678125 0.179630 0.007292 0.016667
2 0.615625 0.170833 0.006250 0.017593
2 0.623698 0.183333 0.007812 0.022222
2 0.629427 0.199074 0.010937 0.027778
2 0.632031 0.233796 0.016146 0.041667
2 0.312240 0.288889 0.021354 0.050000
2 0.429427 0.225926 0.015104 0.035185
2 0.545052 0.156944 0.004687 0.012037
2 0.530990 0.167593 0.006771 0.016667
2 0.515625 0.178704 0.008333 0.020370
2 0.489844 0.194444 0.009896 0.024074
2 0.908854 0.388889 0.031250 0.081481
2 0.777083 0.350926 0.031250 0.081481
2 0.614323 0.312037 0.030729 0.077778
1 0.539062 0.160185 0.006250 0.014815
