2 0.046615 0.550926 0.055729 0.142593
2 0.822135 0.699074 0.078646 0.194444
2 0.648438 0.297222 0.026042 0.068519
2 0.342969 0.258333 0.026562 0.059259
2 0.415365 0.207407 0.014063 0.037037
2 0.390885 0.182407 0.011979 0.027778
2 0.395313 0.164815 0.008333 0.020370
2 0.483333 0.170833 0.009375 0.021296
2 0.322917 0.168981 0.006250 0.019444
2 0.329167 0.181019 0.009375 0.025000
2 0.567187 0.193519 0.013542 0.029630
2 0.607292 0.218519 0.014583 0.038889
2 0.273438 0.172685 0.009375 0.019444
2 0.255990 0.190278 0.009896 0.021296
2 0.202083 0.196759 0.009375 0.019444
2 0.239844 0.179630 0.007812 0.014815
