2 0.975781 0.600463 0.048438 0.147222
2 0.764323 0.373148 0.039062 0.092593
2 0.641146 0.299537 0.030208 0.069444
2 0.218750 0.559259 0.037500 0.133333
2 0.198698 0.286111 0.014063 0.035185
2 0.211198 0.265278 0.011979 0.028704
2 0.235677 0.307407 0.020313 0.048148
2 0.261979 0.337037 0.026042 0.061111
2 0.276042 0.416204 0.036458 0.091667
2 0.239844 0.245370 0.011979 0.027778
2 0.267708 0.232407 0.010417 0.022222
2 0.310417 0.217593 0.008333 0.020370
2 0.377604 0.216667 0.011458 0.025926
2 0.354427 0.206019 0.006771 0.019444
2 0.369792 0.229167 0.012500 0.030556
2 0.402083 0.235185 0.014583 0.037037
2 0.417448 0.207407 0.009896 0.024074
2 0.455469 0.237963 0.017188 0.040741
2 0.401823 0.197222 0.008854 0.018519
2 0.441667 0.189352 0.008333 0.019444
2 0.463542 0.184259 0.006250 0.016667
2 0.479427 0.198148 0.010937 0.022222
2 0.500521 0.194444 0.010417 0.022222
2 0.542708 0.260648 0.021875 0.054630
2 0.540104 0.189352 0.009375 0.021296
2 0.563281 0.182870 0.007812 0.021296
1 0.498177 0.169907 0.005729 0.015741
1 0.574219 0.165741 0.005729 0.014815
