2 0.046354 0.310185 0.010417 0.027778
2 0.115885 0.287500 0.014063 0.030556
2 0.122135 0.357870 0.024479 0.062037
2 0.063542 0.631481 0.058333 0.146296
2 0.195052 0.259722 0.015104 0.032407
2 0.204687 0.343981 0.028125 0.069444
2 0.219271 0.430556 0.042708 0.098148
2 0.258073 0.356944 0.032813 0.078704
2 0.877604 0.457407 0.044792 0.105556
2 0.285156 0.235648 0.014063 0.032407
2 0.378906 0.218519 0.015104 0.035185
2 0.522135 0.214815 0.017188 0.037037
2 0.781771 0.333796 0.033333 0.071296
2 0.715365 0.283333 0.028646 0.059259
2 0.615885 0.233333 0.021354 0.044444
2 0.047135 0.284259 0.005729 0.014815
2 0.054427 0.274537 0.005729 0.013889
