0 0.929167 0.299074 0.009375 0.027778
0 0.941667 0.302315 0.005208 0.013889
0 0.961719 0.312037 0.007812 0.018519
2 0.251563 0.387963 0.043750 0.094444
2 0.421615 0.235648 0.019271 0.043519
2 0.482292 0.197222 0.012500 0.031481
2 0.810417 0.468056 0.043750 0.108333
2 0.529167 0.181019 0.011458 0.023148
2 0.568490 0.180556 0.009896 0.020370
2 0.610417 0.181019 0.008333 0.019444
2 0.649740 0.185185 0.009896 0.018519
2 0.657813 0.221296 0.013542 0.035185
2 0.680990 0.265741 0.020313 0.048148
2 0.668490 0.206019 0.010937 0.025000
2 0.690365 0.193519 0.007812 0.016667
2 0.699740 0.206019 0.009896 0.025000
2 0.736719 0.206944 0.005729 0.015741
2 0.753906 0.218056 0.009896 0.021296
2 0.782813 0.222685 0.006250 0.017593
2 0.799740 0.232870 0.006771 0.019444
2 0.843490 0.250463 0.006771 0.019444
2 0.861198 0.256944 0.005729 0.015741
