2 0.177865 0.561574 0.053646 0.134259
2 0.260417 0.350000 0.026042 0.068519
2 0.290365 0.282407 0.018229 0.046296
2 0.627344 0.280556 0.027604 0.064815
2 0.535417 0.230093 0.018750 0.039815
2 0.309115 0.218981 0.011979 0.026852
2 0.322396 0.192593 0.007292 0.020370
2 0.341667 0.178241 0.006250 0.017593
2 0.183594 0.201852 0.006771 0.014815
2 0.244271 0.184259 0.006250 0.016667
2 0.261719 0.175926 0.005729 0.014815
2 0.271615 0.179167 0.006771 0.015741
2 0.298177 0.167593 0.005729 0.012963
2 0.307292 0.172685 0.007292 0.017593
2 0.467708 0.197222 0.009375 0.025926
2 0.447917 0.180556 0.007292 0.018519
2 0.442188 0.168519 0.007292 0.018519
2 0.427865 0.161111 0.005729 0.016667
2 0.406510 0.157407 0.005729 0.016667
2 0.328125 0.172222 0.007292 0.016667
2 0.370573 0.157870 0.005729 0.015741
2 0.335938 0.161574 0.005208 0.015741
1 0.113542 0.227315 0.007292 0.015741
1 0.134635 0.215278 0.005729 0.013889
