0 0.681510 0.268981 0.021354 0.047222
0 0.772396 0.300463 0.021875 0.056481
2 0.294271 0.399537 0.042708 0.093519
2 0.325521 0.281019 0.020833 0.049074
2 0.292448 0.237500 0.013021 0.030556
2 0.305208 0.253704 0.016667 0.035185
2 0.494531 0.206944 0.018229 0.037963
2 0.440365 0.196759 0.011979 0.026852
2 0.387240 0.187963 0.008854 0.020370
2 0.366667 0.181019 0.008333 0.017593
2 0.357292 0.174074 0.007292 0.016667
2 0.342969 0.169907 0.006771 0.012037
2 0.271615 0.214815 0.008854 0.022222
2 0.266667 0.199537 0.005208 0.017593
2 0.274740 0.189815 0.005729 0.014815
2 0.238281 0.190741 0.006771 0.014815
2 0.258073 0.187963 0.005729 0.012963
2 0.322135 0.168981 0.006771 0.013889
2 0.002604 0.280556 0.004167 0.014815
2 0.019792 0.268519 0.005208 0.009259
1 0.073438 0.243519 0.005208 0.012963
1 0.061458 0.254167 0.006250 0.012037
