2 0.195833 0.397222 0.043750 0.088889
2 0.776042 0.547685 0.053125 0.156481
2 0.731510 0.353241 0.026562 0.080556
2 0.726823 0.293519 0.019271 0.050000
2 0.382292 0.285185 0.027083 0.055556
2 0.487240 0.243056 0.019271 0.041667
2 0.538021 0.223611 0.011458 0.030556
2 0.549740 0.189815 0.007812 0.016667
2 0.525521 0.180093 0.007292 0.015741
2 0.505990 0.174537 0.006771 0.017593
2 0.564323 0.180556 0.005729 0.014815
2 0.569792 0.200000 0.007292 0.018519
2 0.572135 0.216667 0.008854 0.024074
2 0.582292 0.210185 0.007292 0.020370
2 0.589844 0.189352 0.006771 0.012037
2 0.620313 0.202778 0.007292 0.016667
2 0.696615 0.234259 0.007812 0.024074
2 0.682292 0.227315 0.008333 0.021296
2 0.660937 0.218519 0.009375 0.018519
2 0.645312 0.211111 0.007292 0.018519
0 0.952344 0.393519 0.021354 0.051852
0 0.976562 0.372222 0.014583 0.038889
0 0.788542 0.275926 0.011458 0.031481
