2 0.056250 0.707870 0.067708 0.154630
2 0.132292 0.308333 0.014583 0.037037
2 0.139063 0.365741 0.022917 0.061111
2 0.069010 0.264815 0.005729 0.012963
2 0.060937 0.279630 0.008333 0.016667
2 0.079167 0.273611 0.007292 0.017593
2 0.102344 0.269444 0.007812 0.020370
2 0.116406 0.270833 0.009896 0.023148
2 0.109375 0.250463 0.005208 0.013889
2 0.154688 0.236111 0.007292 0.016667
2 0.181771 0.232407 0.008333 0.020370
2 0.220052 0.228704 0.008854 0.020370
2 0.243229 0.230093 0.010417 0.021296
2 0.269010 0.231944 0.013021 0.026852
2 0.295312 0.242593 0.014583 0.035185
2 0.343750 0.255556 0.020833 0.040741
2 0.499740 0.304630 0.030729 0.064815
2 0.841406 0.476389 0.043229 0.108333
