2 0.036979 0.540278 0.052083 0.115741
2 0.080729 0.331944 0.026042 0.063889
2 0.212760 0.375463 0.046354 0.086111
2 0.294792 0.302778 0.031250 0.074074
2 0.217969 0.293519 0.026562 0.066667
2 0.777604 0.503241 0.063542 0.130556
2 0.714583 0.334259 0.037500 0.081481
2 0.652344 0.262500 0.030729 0.062037
2 0.584375 0.230093 0.026042 0.047222
2 0.511979 0.203241 0.025000 0.043519
2 0.429948 0.192130 0.023438 0.043519
2 0.325521 0.196296 0.012500 0.035185
2 0.063281 0.280556 0.015104 0.035185
2 0.218229 0.218981 0.012500 0.034259
