2 0.069010 0.276389 0.008854 0.021296
2 0.086198 0.281481 0.010937 0.024074
2 0.134635 0.242593 0.006771 0.016667
2 0.158854 0.239815 0.008333 0.018519
2 0.167448 0.293056 0.018229 0.041667
2 0.196354 0.234259 0.010417 0.022222
2 0.232292 0.322222 0.027083 0.055556
2 0.233333 0.378241 0.034375 0.076852
2 0.340365 0.225463 0.014063 0.030556
2 0.403385 0.228704 0.016146 0.035185
2 0.743750 0.338889 0.031250 0.066667
2 0.961198 0.528241 0.045312 0.104630
2 0.480990 0.241667 0.017188 0.038889
2 0.591927 0.266204 0.024479 0.049074
1 0.109896 0.287500 0.012500 0.030556
1 0.252344 0.231481 0.013021 0.027778
