2 0.132031 0.231019 0.007812 0.015741
2 0.179167 0.222685 0.007292 0.017593
2 0.201823 0.204167 0.005729 0.012037
2 0.242448 0.196759 0.005729 0.015741
2 0.266146 0.406481 0.039583 0.087037
2 0.295052 0.190278 0.006771 0.017593
2 0.262760 0.216667 0.010937 0.024074
2 0.306510 0.223148 0.011979 0.027778
2 0.325000 0.237500 0.014583 0.036111
2 0.323698 0.279630 0.020313 0.048148
2 0.357552 0.184722 0.007812 0.017593
2 0.395573 0.184259 0.007812 0.020370
2 0.782292 0.347222 0.033333 0.068519
2 0.613281 0.229167 0.018229 0.037963
2 0.547396 0.204630 0.015625 0.031481
2 0.463021 0.188426 0.010417 0.023148
1 0.106771 0.233796 0.006250 0.015741
1 0.174479 0.207870 0.005208 0.013889
