2 0.017969 0.318056 0.010937 0.026852
2 0.009115 0.364352 0.017188 0.043519
2 0.038542 0.312500 0.011458 0.028704
2 0.076823 0.300463 0.013021 0.026852
2 0.108854 0.333333 0.022917 0.050000
2 0.132292 0.281944 0.015625 0.030556
2 0.035417 0.810185 0.069792 0.190741
2 0.214323 0.498611 0.049479 0.134259
2 0.185156 0.270370 0.014063 0.031481
2 0.202344 0.318519 0.024479 0.055556
2 0.236198 0.337037 0.030729 0.068519
2 0.264583 0.374537 0.030208 0.086111
2 0.245312 0.256019 0.015625 0.034259
2 0.347917 0.240741 0.016667 0.035185
2 0.859635 0.478704 0.049479 0.122222
2 0.425000 0.243981 0.018750 0.041667
2 0.524740 0.262963 0.021354 0.050000
2 0.655729 0.314815 0.030208 0.066667
