1 0.076823 0.301852 0.013021 0.031481
1 0.219271 0.236111 0.013542 0.027778
2 0.130990 0.305556 0.020313 0.040741
2 0.190104 0.331944 0.026042 0.058333
2 0.185156 0.392130 0.033854 0.075000
2 0.219271 0.522685 0.046875 0.128704
2 0.128385 0.250463 0.008854 0.019444
2 0.165104 0.242593 0.010417 0.022222
2 0.054427 0.296296 0.010937 0.025926
2 0.910417 0.494907 0.046875 0.108333
2 0.304948 0.226852 0.015104 0.029630
2 0.366927 0.227315 0.015104 0.034259
2 0.695833 0.316667 0.031250 0.066667
2 0.547917 0.253704 0.022917 0.048148
2 0.440885 0.234722 0.017188 0.039815
