2 0.208333 0.448148 0.040625 0.118519
2 0.201823 0.325000 0.025521 0.064815
2 0.657813 0.323611 0.036458 0.084259
2 0.218490 0.270833 0.017188 0.045370
2 0.240625 0.234259 0.012500 0.035185
2 0.291146 0.207407 0.010417 0.024074
2 0.367188 0.184722 0.009375 0.019444
2 0.389062 0.208333 0.014583 0.033333
2 0.418490 0.219907 0.015104 0.039815
2 0.398438 0.193519 0.010417 0.027778
2 0.431771 0.183796 0.010417 0.023148
2 0.451042 0.168056 0.007292 0.019444
2 0.482812 0.246759 0.023958 0.050926
2 0.503385 0.173148 0.007812 0.018519
2 0.511719 0.163426 0.005729 0.013889
2 0.567708 0.168056 0.007292 0.017593
