2 0.915104 0.559722 0.058333 0.149074
2 0.119010 0.717593 0.071354 0.170370
2 0.149479 0.318981 0.018750 0.043519
2 0.184115 0.394444 0.026562 0.074074
2 0.534896 0.279167 0.029167 0.063889
2 0.348698 0.237500 0.015104 0.039815
2 0.129427 0.257870 0.009896 0.023148
2 0.141146 0.245833 0.008333 0.019444
2 0.164062 0.229167 0.008333 0.019444
2 0.209896 0.207870 0.006250 0.015741
2 0.235417 0.213889 0.007292 0.018519
2 0.243750 0.219444 0.007292 0.022222
2 0.268490 0.194907 0.006771 0.017593
2 0.359375 0.170370 0.004167 0.014815
2 0.310677 0.181944 0.005729 0.013889
1 0.280469 0.225926 0.010937 0.025926
1 0.132031 0.282407 0.013021 0.029630
