2 0.368229 0.306019 0.038542 0.084259
2 0.535156 0.215278 0.018229 0.041667
2 0.735677 0.390278 0.041146 0.106481
2 0.728646 0.271759 0.020833 0.056481
2 0.618750 0.198611 0.013542 0.030556
2 0.683333 0.199074 0.010417 0.024074
2 0.746875 0.208333 0.008333 0.020370
2 0.760417 0.244907 0.014583 0.037963
2 0.794010 0.241204 0.011979 0.030556
2 0.815625 0.223148 0.009375 0.018519
2 0.838281 0.245370 0.010937 0.027778
2 0.884635 0.257870 0.008854 0.023148
2 0.900521 0.253704 0.007292 0.016667
2 0.953385 0.276852 0.007812 0.018519
2 0.944531 0.281944 0.009896 0.021296
2 0.990885 0.304167 0.007812 0.019444
