2 0.969271 0.567593 0.051042 0.125926
2 0.099740 0.627315 0.063021 0.141667
2 0.292969 0.330556 0.028646 0.062963
2 0.689844 0.268056 0.024479 0.050926
2 0.605990 0.225926 0.017188 0.038889
2 0.331510 0.254167 0.016146 0.041667
2 0.288542 0.214815 0.011458 0.027778
2 0.171615 0.216204 0.005729 0.013889
2 0.214323 0.212037 0.006771 0.018519
2 0.284635 0.187037 0.005729 0.016667
2 0.336719 0.182407 0.006771 0.018519
2 0.401042 0.180556 0.007292 0.020370
2 0.439583 0.182870 0.009375 0.021296
2 0.511719 0.193519 0.014063 0.025926
