1 0.291927 0.252778 0.016146 0.042593
1 0.515104 0.222685 0.015625 0.043519
2 0.205469 0.393519 0.032813 0.083333
2 0.614062 0.314815 0.030208 0.081481
2 0.479948 0.188889 0.010937 0.029630
2 0.364063 0.185185 0.009375 0.024074
2 0.334115 0.203241 0.013021 0.030556
2 0.399479 0.172685 0.008333 0.019444
2 0.459635 0.159259 0.007812 0.018519
2 0.493490 0.169444 0.008854 0.022222
2 0.525521 0.165278 0.009375 0.019444
2 0.541406 0.154167 0.006771 0.013889
2 0.579167 0.162037 0.007292 0.016667
2 0.617708 0.156481 0.006250 0.014815
2 0.638542 0.164352 0.007292 0.015741
2 0.710156 0.174537 0.006771 0.015741
2 0.689063 0.164352 0.006250 0.015741
