2 0.409635 0.252315 0.024479 0.050926
2 0.269531 0.314815 0.030729 0.066667
2 0.449219 0.162500 0.006771 0.013889
2 0.419531 0.177315 0.009896 0.023148
2 0.479687 0.181019 0.011458 0.025000
2 0.324740 0.163889 0.005729 0.012963
2 0.309635 0.169907 0.005729 0.013889
2 0.339062 0.174074 0.008333 0.018519
2 0.763802 0.665741 0.068229 0.185185
2 0.719010 0.424537 0.034896 0.100926
2 0.745052 0.360185 0.030729 0.074074
2 0.787240 0.325926 0.021354 0.057407
2 0.820833 0.310185 0.017708 0.046296
2 0.847656 0.295833 0.014063 0.037963
2 0.833073 0.264352 0.013021 0.030556
2 0.800260 0.239352 0.010937 0.026852
2 0.755469 0.218981 0.010937 0.023148
2 0.674740 0.193981 0.008854 0.021296
2 0.505990 0.167593 0.007812 0.018519
2 0.555729 0.189352 0.010417 0.025000
2 0.516406 0.230093 0.019271 0.043519
2 0.617969 0.182407 0.007812 0.018519
2 0.600781 0.198611 0.010937 0.025000
2 0.592187 0.220833 0.014583 0.036111
2 0.625000 0.214815 0.014583 0.031481
