1 0.497917 0.174074 0.007292 0.018519
1 0.611719 0.172685 0.007812 0.017593
1 0.629167 0.175000 0.008333 0.014815
1 0.640365 0.175000 0.005729 0.014815
1 0.652344 0.199074 0.010937 0.027778
1 0.669792 0.178704 0.006250 0.014815
1 0.682813 0.181944 0.008333 0.012037
1 0.684115 0.208333 0.010937 0.024074
1 0.694010 0.194907 0.008854 0.019444
1 0.702865 0.184259 0.005729 0.014815
1 0.718490 0.200463 0.007812 0.019444
1 0.716667 0.218519 0.010417 0.024074
1 0.729688 0.206019 0.009375 0.021296
1 0.737500 0.191667 0.006250 0.014815
1 0.747135 0.204630 0.006771 0.018519
1 0.757812 0.231019 0.010417 0.025000
1 0.780469 0.223148 0.007812 0.024074
1 0.780990 0.212037 0.007812 0.018519
2 0.486198 0.189815 0.008854 0.024074
2 0.505469 0.167130 0.005729 0.013889
2 0.457292 0.223611 0.014583 0.034259
2 0.380208 0.297685 0.028125 0.062037
2 0.589063 0.170833 0.006250 0.015741
2 0.621094 0.197685 0.009896 0.026852
2 0.663542 0.242130 0.017708 0.041667
2 0.744792 0.339815 0.029167 0.074074
