2 0.041667 0.682870 0.073958 0.199074
2 0.070312 0.265741 0.008333 0.027778
2 0.142187 0.241204 0.011458 0.026852
2 0.190365 0.216204 0.007812 0.023148
2 0.197917 0.228704 0.012500 0.027778
2 0.274740 0.200463 0.008854 0.021296
2 0.258594 0.220833 0.013021 0.034259
2 0.298438 0.224537 0.015625 0.034259
2 0.349219 0.246759 0.020313 0.049074
2 0.332292 0.323611 0.030208 0.080556
2 0.347917 0.193056 0.011458 0.026852
2 0.418490 0.196296 0.013021 0.029630
2 0.528385 0.224537 0.018229 0.041667
2 0.667708 0.326389 0.033333 0.076852
0 0.086979 0.248611 0.007292 0.019444
