0 0.689063 0.299074 0.022917 0.055556
0 0.744792 0.262963 0.016667 0.040741
0 0.975521 0.378241 0.017708 0.039815
1 0.080208 0.244444 0.009375 0.020370
1 0.119531 0.223148 0.006771 0.018519
2 0.756250 0.592593 0.057292 0.177778
2 0.073698 0.499537 0.047396 0.106481
2 0.365885 0.254167 0.021354 0.045370
2 0.012500 0.264352 0.006250 0.013889
2 0.047656 0.249074 0.005729 0.016667
2 0.173698 0.216204 0.007812 0.019444
2 0.194531 0.201852 0.006771 0.014815
2 0.258594 0.195833 0.007812 0.017593
2 0.382552 0.181019 0.008854 0.021296
2 0.403646 0.189815 0.009375 0.024074
2 0.415365 0.210648 0.014063 0.030556
2 0.325521 0.183333 0.008333 0.020370
2 0.293750 0.179167 0.007292 0.017593
2 0.528646 0.182870 0.010417 0.025000
2 0.473438 0.169907 0.009375 0.021296
