2 0.740365 0.341204 0.034896 0.078704
2 0.194531 0.601389 0.053646 0.171296
2 0.315625 0.245370 0.016667 0.038889
2 0.303385 0.276389 0.016146 0.045370
2 0.344271 0.353704 0.037500 0.088889
2 0.414583 0.185648 0.007292 0.021296
2 0.384115 0.204167 0.009896 0.028704
2 0.438021 0.161574 0.006250 0.013889
2 0.430469 0.165278 0.005729 0.013889
2 0.504687 0.219907 0.013542 0.034259
2 0.517708 0.198148 0.010417 0.025926
2 0.538542 0.242130 0.021875 0.049074
2 0.620313 0.273148 0.027083 0.061111
2 0.511198 0.168981 0.007812 0.019444
2 0.501302 0.163426 0.005729 0.015741
