0 0.228646 0.222222 0.007292 0.018519
0 0.254688 0.208796 0.007292 0.015741
0 0.298438 0.212037 0.007292 0.020370
0 0.295312 0.193056 0.005208 0.015741
0 0.324740 0.198611 0.007812 0.019444
0 0.335417 0.178704 0.007292 0.012963
0 0.358594 0.183796 0.006771 0.015741
0 0.362240 0.168981 0.003646 0.010185
0 0.388021 0.171296 0.006250 0.014815
2 0.221615 0.483796 0.045312 0.125000
2 0.253646 0.331019 0.025000 0.069444
2 0.224219 0.294444 0.021354 0.051852
2 0.094271 0.252778 0.007292 0.016667
2 0.123698 0.274074 0.011979 0.031481
2 0.167708 0.284722 0.014583 0.037963
2 0.195312 0.231481 0.008333 0.022222
2 0.161719 0.235648 0.007812 0.019444
2 0.120313 0.233796 0.006250 0.013889
2 0.202344 0.205093 0.007812 0.012037
2 0.394271 0.229167 0.016667 0.041667
2 0.522917 0.261111 0.025000 0.057407
2 0.691667 0.370370 0.042708 0.103704
2 0.377865 0.164352 0.004687 0.010185
2 0.406771 0.166204 0.004167 0.012037
2 0.074740 0.270833 0.009896 0.021296
