1 0.954948 0.419907 0.025521 0.067593
1 0.932552 0.333333 0.016146 0.042593
1 0.908073 0.296296 0.015104 0.031481
1 0.876823 0.295370 0.015104 0.035185
1 0.859115 0.368056 0.025521 0.067593
1 0.851562 0.291667 0.017708 0.038889
1 0.825000 0.235648 0.009375 0.021296
1 0.775781 0.224074 0.008854 0.020370
1 0.748177 0.220370 0.011979 0.018519
1 0.731250 0.215741 0.011458 0.022222
1 0.676562 0.213426 0.011458 0.021296
1 0.691406 0.211574 0.009896 0.023148
1 0.651563 0.210648 0.012500 0.026852
1 0.427604 0.243981 0.017708 0.041667
2 0.485156 0.174074 0.005729 0.014815
2 0.565885 0.175000 0.006771 0.016667
2 0.476562 0.185185 0.008333 0.020370
2 0.458073 0.206019 0.011979 0.028704
2 0.585938 0.187500 0.008333 0.021296
2 0.616146 0.211111 0.012500 0.031481
2 0.832552 0.422222 0.041146 0.098148
2 0.327083 0.389352 0.038542 0.089815
