2 0.204687 0.382407 0.041667 0.092593
2 0.484115 0.228704 0.020313 0.044444
2 0.728125 0.499074 0.056250 0.148148
2 0.707292 0.300000 0.023958 0.066667
2 0.631771 0.214815 0.015625 0.033333
2 0.735417 0.221296 0.010417 0.027778
2 0.756771 0.205556 0.006250 0.016667
2 0.789062 0.231019 0.008333 0.023148
2 0.801042 0.230556 0.007292 0.020370
2 0.809635 0.218056 0.006771 0.015741
2 0.774219 0.274537 0.017188 0.043519
2 0.864062 0.245370 0.006250 0.014815
2 0.850521 0.274074 0.012500 0.035185
2 0.896094 0.279167 0.009896 0.023148
