2 0.625781 0.170833 0.006771 0.017593
2 0.587760 0.174537 0.008854 0.019444
2 0.572917 0.161574 0.006250 0.013889
2 0.557813 0.163426 0.007292 0.015741
2 0.529687 0.166204 0.008333 0.015741
2 0.520833 0.177315 0.009375 0.021296
2 0.466667 0.171759 0.008333 0.019444
2 0.488542 0.266204 0.026042 0.060185
2 0.690625 0.375463 0.041667 0.100926
2 0.379167 0.187500 0.008333 0.019444
2 0.408594 0.200000 0.011979 0.029630
2 0.444010 0.187963 0.011979 0.024074
2 0.423438 0.232407 0.016667 0.040741
2 0.395313 0.217130 0.014583 0.034259
2 0.136719 0.543056 0.051562 0.141667
2 0.173698 0.356944 0.024479 0.069444
2 0.207813 0.287963 0.017708 0.048148
2 0.239063 0.244907 0.013542 0.032407
2 0.297917 0.213426 0.010417 0.025000
