0 0.804167 0.280093 0.010417 0.023148
0 0.949740 0.350000 0.010937 0.031481
0 0.904167 0.345833 0.017708 0.041667
2 0.644010 0.204167 0.004687 0.012037
2 0.621615 0.193981 0.004687 0.012037
2 0.607292 0.200000 0.007292 0.014815
2 0.617188 0.205556 0.006250 0.012963
2 0.624740 0.208333 0.004687 0.014815
2 0.672396 0.215741 0.005208 0.014815
2 0.693490 0.225463 0.005729 0.017593
2 0.706771 0.231019 0.006250 0.017593
2 0.723437 0.241667 0.007292 0.018519
2 0.731771 0.271759 0.014583 0.036111
2 0.716667 0.292593 0.017708 0.051852
2 0.704167 0.343056 0.028125 0.078704
2 0.380990 0.271296 0.026562 0.051852
2 0.251042 0.343981 0.036458 0.086111
2 0.042448 0.518056 0.047396 0.117593
2 0.736719 0.586111 0.047396 0.144444
2 0.482292 0.239815 0.018750 0.038889
2 0.554167 0.226389 0.014583 0.032407
2 0.593490 0.220370 0.010937 0.025926
2 0.585417 0.191667 0.005208 0.012963
2 0.568750 0.183796 0.006250 0.013889
2 0.550521 0.179167 0.005208 0.012037
