2 0.309375 0.162500 0.005208 0.013889
2 0.294271 0.169907 0.005208 0.015741
2 0.323698 0.172685 0.007812 0.019444
2 0.405729 0.175463 0.010417 0.023148
2 0.437500 0.161574 0.007292 0.015741
2 0.392188 0.258796 0.026042 0.052778
2 0.240365 0.331944 0.032813 0.071296
2 0.617188 0.215278 0.015625 0.032407
2 0.545833 0.187963 0.011458 0.027778
2 0.593229 0.196759 0.011458 0.028704
2 0.584115 0.221296 0.017188 0.040741
2 0.505990 0.231944 0.021354 0.047222
2 0.467448 0.179630 0.011979 0.025926
2 0.495052 0.164815 0.009896 0.020370
2 0.608333 0.178241 0.009375 0.021296
2 0.667188 0.190741 0.009375 0.022222
2 0.732552 0.458333 0.039062 0.109259
2 0.753385 0.379630 0.033854 0.079630
2 0.792448 0.336574 0.024479 0.063889
2 0.823698 0.317593 0.019271 0.051852
2 0.848177 0.299537 0.016146 0.041667
2 0.830729 0.264815 0.013542 0.033333
2 0.796354 0.238426 0.012500 0.028704
2 0.750521 0.217130 0.011458 0.026852
2 0.808854 0.774074 0.084375 0.209259
