2 0.364844 0.252778 0.018229 0.042593
2 0.584896 0.255556 0.020833 0.046296
2 0.512240 0.203704 0.013021 0.029630
2 0.596615 0.193056 0.010937 0.025000
2 0.666146 0.238889 0.017708 0.038889
2 0.709896 0.274537 0.020833 0.052778
2 0.827865 0.306481 0.019271 0.046296
2 0.732292 0.228704 0.012500 0.029630
2 0.729167 0.212037 0.008333 0.020370
2 0.721094 0.202315 0.007812 0.019444
2 0.709635 0.192130 0.007812 0.015741
2 0.699219 0.182870 0.007812 0.013889
2 0.615365 0.174537 0.006771 0.017593
2 0.607812 0.181019 0.008333 0.019444
