2 0.094010 0.284722 0.011979 0.030556
2 0.144531 0.286574 0.016146 0.039815
2 0.202604 0.285185 0.018750 0.044444
2 0.236719 0.304167 0.022396 0.060185
2 0.238021 0.383333 0.033333 0.090741
2 0.142448 0.592130 0.065104 0.163889
2 0.781510 0.499074 0.060937 0.146296
2 0.346875 0.224537 0.016667 0.036111
2 0.453385 0.239815 0.022396 0.048148
2 0.572917 0.295370 0.032292 0.075926
0 0.210938 0.219907 0.008333 0.017593
0 0.247396 0.202778 0.006250 0.014815
0 0.277344 0.205556 0.008854 0.018519
0 0.284635 0.187500 0.005729 0.012037
0 0.308073 0.191667 0.005729 0.016667
0 0.187500 0.232407 0.007292 0.018519
0 0.334896 0.178241 0.005208 0.015741
2 0.156771 0.244907 0.009375 0.019444
2 0.039062 0.288426 0.009375 0.021296
2 0.053125 0.272685 0.007292 0.015741
2 0.075521 0.254630 0.006250 0.014815
2 0.121615 0.250463 0.008854 0.019444
2 0.155208 0.220833 0.005208 0.013889
