1 0.259115 0.191204 0.006771 0.015741
1 0.344792 0.172685 0.007292 0.019444
0 0.350521 0.166204 0.005208 0.012037
2 0.268490 0.198611 0.007812 0.019444
2 0.298438 0.209722 0.008333 0.025000
2 0.340365 0.259722 0.019271 0.043519
2 0.366667 0.179167 0.008333 0.017593
2 0.337240 0.349074 0.029687 0.081481
2 0.188542 0.628241 0.059375 0.162037
2 0.407552 0.182870 0.008854 0.021296
2 0.468490 0.191667 0.010937 0.025926
2 0.559115 0.208333 0.013021 0.031481
2 0.774740 0.313426 0.028646 0.056481
2 0.622917 0.230556 0.018750 0.037037
