1 0.927083 0.596296 0.057292 0.133333
2 0.786458 0.642130 0.078125 0.173148
2 0.985417 0.563426 0.029167 0.095370
2 0.548438 0.178704 0.007292 0.016667
2 0.509635 0.173611 0.006771 0.015741
2 0.519792 0.168056 0.005208 0.010185
2 0.490365 0.202778 0.010937 0.027778
2 0.348438 0.211111 0.012500 0.031481
2 0.426042 0.203704 0.011458 0.029630
2 0.387240 0.177315 0.007812 0.015741
2 0.422917 0.167130 0.006250 0.013889
2 0.471094 0.170833 0.007812 0.015741
2 0.494271 0.168519 0.006250 0.016667
2 0.454688 0.163889 0.004167 0.011111
