1 0.342969 0.355556 0.039062 0.088889
1 0.504167 0.381019 0.041667 0.100926
1 0.738542 0.442593 0.042708 0.111111
1 0.912240 0.782870 0.085938 0.195370
1 0.973437 0.381481 0.023958 0.055556
1 0.832292 0.337500 0.028125 0.060185
1 0.779167 0.295833 0.026042 0.050926
1 0.729688 0.262500 0.023958 0.043519
1 0.694010 0.238889 0.018229 0.042593
1 0.661458 0.218056 0.015625 0.036111
1 0.635938 0.202315 0.014583 0.028704
1 0.617188 0.187037 0.014583 0.027778
1 0.871094 0.295370 0.020313 0.042593
1 0.536719 0.173148 0.013021 0.025926
1 0.513542 0.174537 0.015625 0.019444
1 0.489063 0.168056 0.011458 0.025000
1 0.963542 0.318056 0.016667 0.036111
1 0.769792 0.235648 0.016667 0.032407
1 0.864844 0.258333 0.013021 0.029630
1 0.785937 0.217130 0.013542 0.023148
1 0.702865 0.200926 0.011979 0.024074
1 0.467708 0.169444 0.012500 0.014815
