1 0.221354 0.508333 0.052083 0.127778
1 0.832812 0.678704 0.068750 0.170370
1 0.985417 0.340741 0.016667 0.038889
1 0.884115 0.401389 0.029687 0.076852
1 0.894531 0.323611 0.019271 0.047222
1 0.808073 0.337963 0.029687 0.062963
1 0.870573 0.268981 0.014063 0.032407
1 0.741146 0.289815 0.025000 0.050000
1 0.770833 0.248148 0.016667 0.035185
1 0.780469 0.222222 0.013021 0.025926
1 0.693490 0.258796 0.021354 0.043519
1 0.691667 0.206019 0.012500 0.026852
1 0.652604 0.230556 0.016667 0.037037
1 0.620573 0.210185 0.015104 0.033333
1 0.598177 0.193981 0.011979 0.026852
1 0.379948 0.212500 0.014063 0.034259
1 0.403906 0.175000 0.009896 0.020370
1 0.434115 0.178241 0.011979 0.015741
1 0.458854 0.176389 0.012500 0.023148
1 0.483854 0.181019 0.013542 0.017593
1 0.508854 0.180556 0.012500 0.025926
