1 0.115885 0.290278 0.013021 0.032407
1 0.259635 0.231481 0.013021 0.027778
2 0.765365 0.353241 0.033854 0.071296
2 0.228906 0.331481 0.024479 0.055556
2 0.224219 0.393981 0.035937 0.073148
2 0.169792 0.298148 0.017708 0.038889
2 0.078646 0.277315 0.007292 0.021296
2 0.094271 0.280556 0.008333 0.025926
2 0.168490 0.240741 0.006771 0.016667
2 0.145573 0.242593 0.005729 0.014815
2 0.205990 0.235185 0.009896 0.022222
2 0.347656 0.226852 0.013021 0.031481
2 0.412500 0.232407 0.015625 0.035185
2 0.491406 0.243981 0.019271 0.039815
2 0.604688 0.272685 0.023958 0.049074
