2 0.054948 0.771296 0.080729 0.185185
2 0.310156 0.387037 0.038021 0.090741
2 0.342969 0.313889 0.026562 0.068519
2 0.355208 0.267130 0.018750 0.054630
2 0.337240 0.226389 0.016146 0.037963
2 0.246615 0.187037 0.007812 0.020370
2 0.265365 0.193519 0.010937 0.024074
2 0.288021 0.195833 0.014583 0.030556
2 0.308333 0.205093 0.015625 0.032407
2 0.791146 0.378704 0.038542 0.096296
2 0.376563 0.168056 0.008333 0.021296
2 0.415365 0.169444 0.011979 0.027778
2 0.456510 0.178241 0.014063 0.030556
2 0.517188 0.195370 0.016667 0.033333
2 0.689844 0.280093 0.026562 0.060185
2 0.572917 0.214815 0.017708 0.040741
2 0.617448 0.239352 0.019271 0.047222
