2 0.754167 0.674074 0.072917 0.192593
2 0.055208 0.502778 0.050000 0.109259
2 0.273438 0.335648 0.044792 0.093519
2 0.418490 0.268056 0.029687 0.063889
2 0.530990 0.240278 0.020313 0.039815
2 0.613542 0.180556 0.006250 0.012963
2 0.608594 0.230556 0.014063 0.033333
2 0.632292 0.186111 0.007292 0.016667
2 0.648698 0.193056 0.006771 0.015741
2 0.663542 0.191204 0.005208 0.012037
2 0.671094 0.205556 0.006771 0.016667
2 0.652865 0.227315 0.009896 0.026852
2 0.687240 0.200000 0.005729 0.014815
2 0.680990 0.211574 0.005729 0.015741
2 0.709115 0.209722 0.005729 0.013889
2 0.738542 0.225000 0.007292 0.018519
2 0.759635 0.236574 0.005729 0.019444
2 0.772917 0.244444 0.008333 0.018519
2 0.791146 0.254167 0.008333 0.021296
2 0.685417 0.227315 0.008333 0.021296
2 0.775521 0.309259 0.018750 0.055556
2 0.794271 0.288889 0.014583 0.038889
2 0.754687 0.370370 0.032292 0.087037
0 0.979167 0.381944 0.017708 0.050926
0 0.873437 0.301852 0.010417 0.027778
