2 0.147656 0.220370 0.005729 0.014815
2 0.151302 0.234722 0.006771 0.015741
2 0.202604 0.229630 0.008333 0.022222
2 0.222135 0.229167 0.008854 0.023148
2 0.240104 0.231481 0.008333 0.024074
2 0.262500 0.237963 0.011458 0.027778
2 0.283594 0.255556 0.013021 0.035185
2 0.273958 0.288889 0.018750 0.046296
2 0.188021 0.400463 0.037500 0.078704
2 0.218750 0.206019 0.006250 0.017593
2 0.300521 0.194907 0.007292 0.021296
2 0.333073 0.193981 0.007812 0.021296
2 0.671354 0.366204 0.037500 0.095370
2 0.546875 0.249074 0.019792 0.051852
2 0.481250 0.217593 0.013542 0.035185
2 0.364844 0.195370 0.008854 0.024074
2 0.411458 0.200463 0.010417 0.028704
