0 0.907813 0.282870 0.008333 0.019444
0 0.953125 0.306019 0.006250 0.015741
0 0.964844 0.323611 0.011979 0.030556
0 0.983073 0.324074 0.009896 0.018519
2 0.318490 0.293519 0.029687 0.061111
2 0.426563 0.215741 0.016667 0.038889
2 0.492188 0.185648 0.014583 0.028704
2 0.540365 0.180556 0.010937 0.024074
2 0.589063 0.181019 0.008333 0.021296
2 0.634115 0.181944 0.007812 0.023148
2 0.648438 0.239815 0.016667 0.038889
2 0.657813 0.209722 0.012500 0.030556
2 0.678385 0.190741 0.008854 0.020370
2 0.693490 0.207407 0.009896 0.025926
2 0.690365 0.325926 0.030729 0.070370
2 0.729688 0.202778 0.007292 0.016667
2 0.752865 0.218519 0.010937 0.027778
2 0.780469 0.218981 0.008854 0.017593
2 0.802865 0.232870 0.007812 0.021296
2 0.822396 0.236574 0.006250 0.017593
2 0.849219 0.251852 0.007812 0.024074
2 0.861198 0.253241 0.006771 0.013889
