0 0.745313 0.332870 0.028125 0.063889
0 0.799740 0.283333 0.021354 0.042593
1 0.094792 0.247685 0.008333 0.019444
1 0.138021 0.224074 0.007292 0.018519
2 0.188021 0.218056 0.009375 0.019444
2 0.365885 0.271759 0.024479 0.052778
2 0.430990 0.216667 0.014063 0.035185
2 0.888021 0.928241 0.132292 0.143519
2 0.558073 0.184259 0.011979 0.027778
2 0.499219 0.168981 0.010937 0.023148
2 0.422396 0.191667 0.010417 0.027778
2 0.401042 0.181481 0.008333 0.022222
2 0.275521 0.195370 0.008333 0.020370
2 0.314323 0.180093 0.006771 0.017593
2 0.344271 0.185185 0.008333 0.018519
2 0.213542 0.203704 0.007292 0.016667
2 0.006771 0.282407 0.006250 0.016667
2 0.032813 0.264352 0.006250 0.013889
2 0.066667 0.249537 0.006250 0.015741
