2 0.410677 0.261111 0.026562 0.062963
2 0.491406 0.209722 0.018229 0.043519
2 0.542969 0.188426 0.014063 0.032407
2 0.833594 0.573148 0.063021 0.159259
2 0.174479 0.551389 0.060417 0.156481
2 0.686979 0.297222 0.025000 0.070370
2 0.672656 0.239815 0.017188 0.046296
2 0.627083 0.181944 0.010417 0.026852
2 0.682552 0.212963 0.016146 0.037037
2 0.710677 0.206481 0.011979 0.029630
2 0.672917 0.178704 0.009375 0.022222
2 0.681771 0.174074 0.007292 0.020370
2 0.662240 0.164352 0.008854 0.019444
2 0.719531 0.171759 0.006771 0.017593
2 0.755208 0.188426 0.008333 0.019444
2 0.763021 0.201389 0.009375 0.021296
2 0.641927 0.158333 0.006771 0.018519
