2 0.914844 0.887500 0.103646 0.225000
2 0.704427 0.414352 0.042188 0.108333
2 0.658594 0.295833 0.024479 0.062037
2 0.262240 0.358333 0.038021 0.088889
2 0.450260 0.221296 0.019271 0.044444
2 0.495833 0.200926 0.013542 0.031481
2 0.364844 0.273611 0.026562 0.062037
2 0.522656 0.185648 0.009896 0.026852
2 0.499479 0.162037 0.009375 0.018519
2 0.473958 0.159722 0.008333 0.015741
2 0.488542 0.156019 0.007292 0.013889
2 0.572135 0.164352 0.007812 0.017593
2 0.444531 0.157870 0.007812 0.019444
2 0.654167 0.192130 0.010417 0.023148
2 0.636979 0.181019 0.009375 0.019444
2 0.610938 0.172222 0.008333 0.018519
2 0.332031 0.168056 0.007812 0.015741
2 0.365365 0.159722 0.005729 0.013889
2 0.248698 0.175463 0.005729 0.015741
2 0.270052 0.176389 0.007812 0.017593
2 0.286719 0.168519 0.006771 0.016667
