2 0.022396 0.538889 0.043750 0.122222
2 0.014063 0.259259 0.009375 0.022222
2 0.030990 0.269444 0.010937 0.025926
2 0.076823 0.232407 0.008854 0.022222
2 0.117188 0.236111 0.011458 0.027778
2 0.143750 0.207870 0.009375 0.025000
2 0.217969 0.187963 0.008854 0.024074
2 0.211719 0.335648 0.031771 0.067593
2 0.243229 0.199074 0.009375 0.027778
2 0.310156 0.263426 0.022396 0.050926
2 0.325000 0.167593 0.009375 0.022222
2 0.416667 0.157870 0.009375 0.021296
2 0.381510 0.179630 0.011979 0.027778
2 0.376823 0.227315 0.022396 0.039815
2 0.433854 0.206019 0.015625 0.034259
2 0.452344 0.179630 0.013021 0.025926
2 0.478385 0.158796 0.008854 0.023148
2 0.472917 0.194444 0.013542 0.029630
2 0.489844 0.186574 0.013021 0.028704
2 0.539062 0.166204 0.009375 0.021296
2 0.583073 0.175926 0.010937 0.024074
2 0.617188 0.190278 0.010417 0.025000
2 0.625260 0.245370 0.014063 0.040741
2 0.613281 0.277315 0.021354 0.054630
2 0.863021 0.726389 0.076042 0.180556
2 0.640104 0.351852 0.036458 0.079630
2 0.641667 0.201389 0.012500 0.025000
2 0.644792 0.229630 0.015625 0.033333
2 0.653906 0.215278 0.010937 0.032407
