2 0.966146 0.290278 0.007292 0.015741
2 0.952344 0.289815 0.007812 0.020370
2 0.907031 0.268981 0.008854 0.021296
2 0.701302 0.280093 0.020313 0.056481
2 0.707292 0.201389 0.009375 0.019444
2 0.727344 0.243981 0.015104 0.037963
2 0.760417 0.237500 0.014583 0.030556
2 0.776042 0.212963 0.007292 0.020370
2 0.803385 0.238426 0.010937 0.026852
2 0.735156 0.462037 0.049479 0.125926
2 0.273698 0.362500 0.042188 0.100926
2 0.484115 0.223148 0.020313 0.046296
2 0.573698 0.197685 0.015104 0.032407
2 0.641667 0.194907 0.012500 0.025000
2 0.860938 0.242130 0.008333 0.015741
2 0.847917 0.247685 0.008333 0.025000
