2 0.065365 0.887500 0.107813 0.221296
2 0.322917 0.393056 0.036458 0.100926
2 0.337500 0.297222 0.025000 0.064815
0 0.407813 0.187037 0.007292 0.020370
0 0.440365 0.178704 0.007812 0.020370
0 0.480729 0.193056 0.011458 0.025000
0 0.488281 0.168056 0.007812 0.015741
0 0.514062 0.183333 0.010417 0.022222
0 0.535417 0.161111 0.006250 0.014815
0 0.555729 0.173148 0.009375 0.018519
0 0.565104 0.155556 0.006250 0.012963
0 0.592187 0.165278 0.007292 0.015741
0 0.613802 0.162037 0.006771 0.012963
2 0.754948 0.375926 0.040104 0.096296
2 0.577865 0.249074 0.024479 0.051852
2 0.302604 0.259259 0.018750 0.046296
2 0.280469 0.226389 0.013021 0.032407
2 0.253125 0.205093 0.009375 0.021296
2 0.281510 0.187500 0.006771 0.015741
2 0.313021 0.174074 0.007292 0.014815
2 0.341927 0.186111 0.008854 0.022222
2 0.353385 0.175000 0.007812 0.018519
2 0.374740 0.167130 0.006771 0.013889
2 0.397396 0.160648 0.006250 0.013889
2 0.372396 0.192593 0.010417 0.022222
