2 0.155469 0.523611 0.060937 0.126852
2 0.254167 0.315278 0.029167 0.062037
2 0.328906 0.253241 0.021354 0.047222
2 0.397656 0.217130 0.019271 0.039815
2 0.449479 0.202315 0.015625 0.032407
2 0.519792 0.190278 0.013542 0.028704
2 0.775260 0.419444 0.048438 0.112963
2 0.584635 0.187037 0.013021 0.025926
2 0.610156 0.226852 0.022396 0.046296
2 0.585156 0.264352 0.022396 0.062037
2 0.642969 0.322222 0.035937 0.085185
2 0.653646 0.191204 0.012500 0.026852
2 0.676562 0.225463 0.017708 0.043519
2 0.711719 0.195370 0.010937 0.025926
2 0.741406 0.197222 0.008854 0.024074
2 0.762240 0.196759 0.009896 0.023148
2 0.775000 0.237037 0.016667 0.038889
2 0.807292 0.243056 0.018750 0.039815
2 0.774740 0.195833 0.008854 0.019444
2 0.861719 0.249074 0.013021 0.029630
2 0.889323 0.244907 0.010937 0.030556
2 0.903906 0.241204 0.009896 0.025000
1 0.884375 0.211111 0.008333 0.020370
