2 0.149219 0.487037 0.055729 0.131481
2 0.721094 0.494907 0.057813 0.141667
2 0.435417 0.255556 0.021875 0.055556
2 0.513542 0.215741 0.015625 0.038889
2 0.470313 0.179630 0.009375 0.024074
2 0.676042 0.321759 0.026042 0.075000
2 0.684115 0.240278 0.016146 0.041667
2 0.624740 0.197685 0.011979 0.030556
2 0.551042 0.176389 0.008333 0.023148
2 0.497917 0.168056 0.008333 0.019444
2 0.285938 0.184259 0.006250 0.016667
2 0.343750 0.175463 0.009375 0.019444
2 0.372396 0.165278 0.006250 0.017593
2 0.388542 0.174074 0.008333 0.018519
2 0.441667 0.164815 0.007292 0.016667
2 0.437240 0.173611 0.008854 0.021296
2 0.200521 0.193056 0.006250 0.013889
2 0.208333 0.195370 0.007292 0.018519
