2 0.090625 0.790741 0.087500 0.207407
2 0.852865 0.553704 0.060937 0.157407
2 0.223438 0.393056 0.031250 0.095370
2 0.279687 0.263889 0.017708 0.046296
2 0.294792 0.207407 0.010417 0.027778
2 0.344792 0.182870 0.007292 0.019444
2 0.435677 0.208333 0.011979 0.031481
2 0.405729 0.191204 0.010417 0.026852
2 0.430208 0.175000 0.008333 0.022222
2 0.389062 0.168519 0.008333 0.018519
2 0.460156 0.167130 0.007812 0.015741
2 0.477865 0.153704 0.005729 0.014815
2 0.489323 0.160185 0.006771 0.016667
2 0.527083 0.154630 0.006250 0.016667
2 0.567187 0.153704 0.007292 0.012963
0 0.486719 0.205556 0.014063 0.029630
0 0.534375 0.193056 0.011458 0.025000
0 0.573177 0.253241 0.018229 0.045370
0 0.589323 0.228241 0.017188 0.039815
0 0.599219 0.183796 0.009896 0.021296
0 0.638542 0.214352 0.013542 0.032407
0 0.657552 0.178241 0.006771 0.017593
0 0.691146 0.202315 0.010417 0.025000
0 0.692187 0.175000 0.006250 0.014815
0 0.711979 0.173611 0.006250 0.013889
0 0.730208 0.193056 0.009375 0.019444
0 0.730990 0.173148 0.005729 0.012963
0 0.752344 0.190278 0.006771 0.017593
0 0.768750 0.187500 0.006250 0.015741
0 0.780729 0.186111 0.006250 0.012963
