2 0.089323 0.930556 0.108854 0.138889
2 0.121615 0.633333 0.063021 0.161111
2 0.063802 0.514352 0.046354 0.113889
2 0.856250 0.385185 0.031250 0.077778
2 0.242188 0.262037 0.016667 0.037037
2 0.329427 0.256481 0.019271 0.044444
2 0.451562 0.257407 0.025000 0.050000
2 0.596615 0.279167 0.027604 0.060185
2 0.025521 0.305556 0.010417 0.022222
2 0.091406 0.263426 0.007812 0.017593
2 0.141667 0.237500 0.007292 0.015741
2 0.169531 0.244444 0.009896 0.024074
2 0.185677 0.257407 0.014063 0.029630
2 0.173437 0.222685 0.006250 0.013889
2 0.187500 0.230093 0.007292 0.021296
2 0.194271 0.214352 0.005208 0.012037
2 0.212240 0.218056 0.006771 0.017593
2 0.236719 0.206944 0.005729 0.015741
2 0.254688 0.194907 0.005208 0.012037
2 0.271875 0.196296 0.006250 0.012963
2 0.226302 0.203704 0.005729 0.012963
2 0.280729 0.187500 0.005208 0.012037
2 0.300000 0.188889 0.007292 0.012963
2 0.308073 0.182870 0.004687 0.012037
2 0.356250 0.177315 0.006250 0.012037
2 0.382292 0.172222 0.006250 0.012963
