2 0.774740 0.185185 0.005729 0.014815
2 0.747396 0.175463 0.005208 0.013889
2 0.795573 0.181944 0.004687 0.012037
2 0.807552 0.198611 0.005729 0.013889
2 0.827604 0.209259 0.006250 0.014815
2 0.759115 0.255093 0.017188 0.039815
2 0.848958 0.223148 0.007292 0.020370
2 0.872656 0.216204 0.005729 0.015741
2 0.859375 0.272222 0.013542 0.033333
2 0.876563 0.271296 0.011458 0.031481
2 0.828385 0.271759 0.015104 0.036111
2 0.968750 0.389352 0.025000 0.060185
2 0.944792 0.260185 0.008333 0.022222
2 0.906771 0.234722 0.007292 0.019444
2 0.857031 0.368981 0.029687 0.075000
2 0.776042 0.381019 0.033333 0.093519
2 0.832031 0.616204 0.063021 0.169444
2 0.226042 0.394444 0.040625 0.090741
2 0.380990 0.284259 0.030729 0.068519
2 0.469531 0.252315 0.024479 0.050926
2 0.576562 0.235185 0.018750 0.040741
2 0.668490 0.240741 0.018229 0.038889
1 0.988021 0.294907 0.009375 0.023148
1 0.872917 0.243056 0.010417 0.023148
