2 0.870313 0.259722 0.011458 0.026852
2 0.901042 0.268981 0.010417 0.021296
2 0.989844 0.338889 0.014063 0.037037
2 0.994792 0.307870 0.008333 0.019444
2 0.969010 0.284259 0.006771 0.016667
2 0.948698 0.267593 0.006771 0.014815
2 0.909635 0.314352 0.017188 0.043519
2 0.785937 0.237500 0.013542 0.034259
2 0.796875 0.295833 0.020833 0.052778
2 0.797396 0.546759 0.060417 0.145370
2 0.748437 0.333796 0.028125 0.076852
2 0.646354 0.214815 0.018750 0.042593
2 0.259896 0.350463 0.040625 0.093519
2 0.479167 0.234722 0.025000 0.056481
