2 0.241927 0.279167 0.022396 0.052778
2 0.194792 0.249074 0.013542 0.033333
2 0.474219 0.179167 0.008854 0.019444
2 0.788802 0.334259 0.017188 0.040741
2 0.826562 0.343981 0.013542 0.043519
2 0.578906 0.194444 0.013021 0.029630
2 0.570573 0.172685 0.006771 0.017593
2 0.633594 0.172222 0.004687 0.012963
2 0.659115 0.188426 0.008854 0.021296
2 0.676042 0.175000 0.005208 0.012963
2 0.707031 0.186574 0.006771 0.017593
2 0.704427 0.176852 0.004687 0.011111
2 0.727083 0.179167 0.003125 0.008333
2 0.739062 0.190278 0.004167 0.012037
2 0.758333 0.190741 0.005208 0.011111
2 0.771875 0.192593 0.004167 0.009259
2 0.791406 0.196759 0.004687 0.010185
2 0.776042 0.189352 0.004167 0.008333
1 0.356510 0.199074 0.013021 0.027778
1 0.352865 0.268981 0.020313 0.050926
1 0.337240 0.301852 0.026562 0.061111
1 0.305990 0.353241 0.032813 0.078704
1 0.255208 0.457407 0.043750 0.109259
1 0.640365 0.202315 0.011979 0.026852
1 0.635417 0.253704 0.021875 0.048148
1 0.692187 0.213426 0.016667 0.019444
1 0.721094 0.217130 0.011979 0.026852
1 0.795052 0.236111 0.011979 0.027778
1 0.824740 0.249537 0.015104 0.021296
1 0.841927 0.314815 0.018229 0.048148
1 0.730469 0.280556 0.018229 0.046296
1 0.960156 0.367593 0.020313 0.050000
1 0.942187 0.298611 0.011458 0.026852
1 0.866927 0.264352 0.009896 0.026852
