2 0.479687 0.185185 0.007292 0.018519
2 0.508594 0.187037 0.007812 0.022222
2 0.540365 0.193519 0.007812 0.024074
2 0.563021 0.204630 0.009375 0.024074
2 0.579688 0.218056 0.011458 0.030556
2 0.589844 0.251852 0.016146 0.038889
2 0.439844 0.196759 0.009896 0.025000
2 0.422135 0.204167 0.011979 0.030556
2 0.392969 0.187963 0.006771 0.016667
2 0.380469 0.187037 0.005729 0.016667
2 0.384115 0.233333 0.016146 0.044444
2 0.031510 0.617130 0.059896 0.149074
2 0.288542 0.316667 0.032292 0.072222
2 0.622135 0.341667 0.033854 0.077778
2 0.760417 0.713889 0.066667 0.194444
