0 0.936719 0.281481 0.004687 0.014815
0 0.919271 0.287963 0.008333 0.022222
0 0.991146 0.321759 0.008333 0.019444
0 0.993490 0.343056 0.007812 0.030556
2 0.182292 0.423611 0.047917 0.115741
2 0.412240 0.253241 0.022396 0.058333
2 0.539323 0.206019 0.015104 0.032407
2 0.651563 0.199537 0.010417 0.030556
2 0.713021 0.206019 0.009375 0.023148
2 0.714063 0.256019 0.016667 0.047222
2 0.710938 0.318056 0.028125 0.069444
2 0.807292 0.593519 0.063542 0.162963
2 0.761719 0.243056 0.010937 0.030556
2 0.768490 0.218056 0.007812 0.015741
2 0.802344 0.243519 0.014063 0.031481
2 0.846615 0.254167 0.008854 0.023148
2 0.815625 0.230093 0.006250 0.013889
