2 0.099479 0.578241 0.054167 0.134259
2 0.747656 0.547222 0.055729 0.142593
2 0.296615 0.330556 0.028646 0.064815
2 0.641927 0.319444 0.027604 0.064815
2 0.590104 0.250926 0.018750 0.044444
2 0.370312 0.232870 0.014583 0.034259
2 0.350521 0.266667 0.018750 0.046296
2 0.359635 0.199074 0.009896 0.024074
2 0.346094 0.194907 0.009896 0.021296
2 0.324479 0.190741 0.008333 0.020370
2 0.383854 0.173611 0.007292 0.015741
2 0.426042 0.174537 0.009375 0.019444
2 0.476823 0.181944 0.009896 0.021296
2 0.505990 0.194907 0.011979 0.026852
2 0.554948 0.218056 0.015104 0.036111
2 0.295833 0.192593 0.006250 0.016667
2 0.270833 0.193519 0.006250 0.016667
