1 0.370312 0.268981 0.018750 0.049074
1 0.377344 0.243519 0.014063 0.040741
1 0.384375 0.226389 0.012500 0.037963
1 0.362500 0.180556 0.009375 0.022222
1 0.829948 0.229167 0.008854 0.023148
1 0.797917 0.250000 0.013542 0.033333
1 0.769010 0.207870 0.008854 0.023148
1 0.734896 0.200926 0.012500 0.016667
1 0.712500 0.225926 0.012500 0.031481
1 0.710417 0.193056 0.009375 0.019444
1 0.614062 0.250463 0.017708 0.045370
1 0.583594 0.218056 0.015104 0.036111
1 0.634115 0.212037 0.013021 0.031481
1 0.568490 0.199074 0.014063 0.031481
1 0.584635 0.173148 0.009896 0.020370
1 0.626042 0.180556 0.013542 0.014815
1 0.650000 0.181019 0.009375 0.021296
2 0.242708 0.216204 0.009375 0.025000
2 0.305990 0.222222 0.017188 0.037037
2 0.452865 0.164352 0.007812 0.019444
2 0.536719 0.171296 0.009896 0.020370
2 0.531771 0.155093 0.006250 0.017593
2 0.604167 0.165741 0.007292 0.016667
2 0.587240 0.155093 0.005729 0.012037
2 0.626823 0.155093 0.005729 0.012037
2 0.649219 0.163889 0.006771 0.012963
2 0.682292 0.165278 0.004167 0.012037
2 0.654167 0.155556 0.004167 0.009259
2 0.675260 0.156944 0.003646 0.008333
2 0.688542 0.158796 0.004167 0.008333
2 0.702344 0.165278 0.003646 0.010185
2 0.734115 0.168519 0.004687 0.009259
2 0.715365 0.166204 0.003646 0.008333
2 0.722135 0.163889 0.004687 0.007407
2 0.705208 0.160648 0.003125 0.006481
2 0.049740 0.338889 0.017188 0.048148
2 0.057292 0.295370 0.011458 0.029630
