2 0.149479 0.452778 0.048958 0.116667
2 0.182031 0.228704 0.010937 0.024074
2 0.192448 0.209259 0.009896 0.022222
2 0.209375 0.200926 0.007292 0.018519
2 0.232813 0.228704 0.011458 0.031481
2 0.310156 0.269907 0.021354 0.049074
2 0.269792 0.232407 0.015625 0.035185
2 0.241927 0.191204 0.007812 0.015741
2 0.276823 0.181481 0.006771 0.016667
2 0.315365 0.173611 0.005729 0.017593
2 0.331510 0.193056 0.010937 0.026852
2 0.371094 0.191667 0.010937 0.029630
2 0.380469 0.172222 0.007812 0.016667
2 0.397135 0.169907 0.008854 0.019444
2 0.365365 0.164352 0.005729 0.013889
2 0.428385 0.164352 0.005729 0.017593
2 0.447135 0.158796 0.005729 0.015741
2 0.428906 0.198148 0.013021 0.033333
2 0.482031 0.209259 0.015104 0.037037
2 0.535937 0.225000 0.018750 0.044444
2 0.601562 0.262500 0.025000 0.056481
2 0.751042 0.460648 0.044792 0.102778
2 0.347656 0.167593 0.005729 0.014815
2 0.304427 0.192593 0.009896 0.024074
