2 0.027083 0.673148 0.053125 0.135185
2 0.035677 0.462500 0.032813 0.078704
2 0.849740 0.426389 0.034896 0.089815
2 0.059115 0.378704 0.020313 0.053704
2 0.111198 0.294907 0.015104 0.032407
2 0.638021 0.319444 0.031250 0.068519
2 0.252344 0.212500 0.008854 0.019444
2 0.306250 0.194444 0.006250 0.016667
2 0.341146 0.186111 0.006250 0.014815
2 0.323437 0.210648 0.008333 0.025000
2 0.329688 0.231019 0.013542 0.032407
2 0.380208 0.254167 0.018750 0.043519
2 0.348698 0.196759 0.007812 0.019444
2 0.362760 0.180093 0.005729 0.013889
2 0.377083 0.187963 0.007292 0.016667
2 0.176563 0.245370 0.008333 0.022222
2 0.478906 0.276852 0.025521 0.055556
2 0.404167 0.180556 0.006250 0.016667
2 0.441927 0.175000 0.006771 0.012963
2 0.452865 0.168056 0.005729 0.012037
2 0.396875 0.175463 0.005208 0.013889
2 0.425781 0.170833 0.004687 0.013889
2 0.472135 0.172222 0.005729 0.014815
2 0.482031 0.165741 0.004687 0.011111
2 0.555990 0.157870 0.004687 0.012037
