2 0.740625 0.540741 0.054167 0.144444
2 0.253125 0.285185 0.018750 0.044444
2 0.279427 0.247222 0.011979 0.031481
2 0.221354 0.213889 0.007292 0.016667
2 0.243490 0.212037 0.006771 0.016667
2 0.259375 0.211574 0.008333 0.019444
2 0.276302 0.214352 0.007812 0.021296
2 0.179427 0.410185 0.032813 0.081481
2 0.299479 0.192130 0.006250 0.013889
2 0.341667 0.188889 0.006250 0.014815
2 0.365365 0.190741 0.007812 0.018519
2 0.400260 0.196296 0.009896 0.022222
2 0.419531 0.203704 0.010937 0.025926
2 0.503125 0.285648 0.025000 0.056481
2 0.458333 0.239815 0.018750 0.040741
2 0.439844 0.217130 0.014063 0.030556
