2 0.329427 0.374537 0.040104 0.102778
2 0.417187 0.251852 0.021875 0.048148
2 0.445312 0.206944 0.016667 0.037963
2 0.468229 0.186574 0.013542 0.030556
2 0.485417 0.177778 0.010417 0.024074
2 0.513542 0.171296 0.010417 0.022222
2 0.534375 0.168056 0.009375 0.021296
2 0.556771 0.166204 0.009375 0.017593
2 0.590885 0.162963 0.007812 0.016667
2 0.616146 0.162500 0.006250 0.015741
2 0.618490 0.185648 0.011979 0.025000
2 0.606771 0.195370 0.012500 0.031481
2 0.628906 0.220370 0.014063 0.035185
2 0.860417 0.500000 0.047917 0.114815
2 0.686979 0.272222 0.023958 0.057407
2 0.650521 0.161111 0.007292 0.014815
2 0.646094 0.182407 0.008854 0.020370
2 0.667708 0.178704 0.009375 0.018519
2 0.677604 0.161574 0.006250 0.013889
2 0.692969 0.177778 0.007812 0.018519
2 0.699740 0.162500 0.006771 0.013889
2 0.717708 0.177778 0.008333 0.016667
2 0.743229 0.178704 0.007292 0.016667
