2 0.143490 0.719907 0.081771 0.213889
2 0.322917 0.375463 0.044792 0.106481
2 0.296615 0.283333 0.020313 0.046296
2 0.314063 0.250926 0.015625 0.038889
2 0.386458 0.206019 0.010417 0.028704
2 0.419271 0.186574 0.008333 0.019444
2 0.426042 0.178241 0.006250 0.015741
2 0.435417 0.166204 0.006250 0.013889
2 0.762240 0.359259 0.041146 0.088889
2 0.630990 0.281944 0.027604 0.063889
2 0.543490 0.245370 0.024479 0.050000
2 0.509115 0.223148 0.015104 0.033333
2 0.522917 0.199537 0.011458 0.026852
2 0.517969 0.168519 0.007812 0.018519
2 0.507812 0.163426 0.007292 0.013889
