2 0.276562 0.309259 0.028125 0.057407
2 0.657552 0.334259 0.029687 0.083333
2 0.513021 0.214352 0.009375 0.023148
2 0.485156 0.231481 0.014063 0.033333
2 0.438802 0.250926 0.018229 0.040741
2 0.473438 0.199537 0.006250 0.015741
2 0.548698 0.183796 0.006771 0.015741
2 0.693229 0.240741 0.015625 0.040741
2 0.704427 0.276389 0.021354 0.052778
2 0.625260 0.197685 0.009896 0.021296
2 0.647656 0.205093 0.009896 0.025000
2 0.668750 0.218981 0.012500 0.032407
1 0.498698 0.206944 0.008854 0.019444
1 0.588021 0.190741 0.008333 0.018519
