2 0.310417 0.178241 0.007292 0.019444
2 0.273958 0.201389 0.012500 0.026852
2 0.342708 0.195370 0.013542 0.031481
2 0.373958 0.175000 0.009375 0.022222
2 0.246875 0.334259 0.034375 0.075926
2 0.029948 0.514815 0.047396 0.111111
2 0.522396 0.208333 0.009375 0.035185
2 0.516927 0.217130 0.018229 0.039815
2 0.485417 0.200000 0.015625 0.033333
2 0.155208 0.207870 0.007292 0.015741
2 0.173698 0.196759 0.005729 0.015741
2 0.184635 0.209722 0.008854 0.023148
2 0.252865 0.178241 0.005729 0.013889
2 0.264323 0.179167 0.005729 0.015741
2 0.481250 0.233796 0.021875 0.043519
2 0.432031 0.194907 0.014063 0.032407
2 0.433854 0.173148 0.008333 0.022222
2 0.497656 0.175000 0.009896 0.022222
2 0.390104 0.265278 0.027083 0.056481
2 0.560677 0.181019 0.011979 0.023148
2 0.777344 0.283333 0.016146 0.044444
2 0.764583 0.315278 0.021875 0.056481
2 0.764583 0.258796 0.016667 0.039815
2 0.744010 0.243519 0.016146 0.033333
2 0.701823 0.217130 0.014063 0.028704
2 0.650521 0.198611 0.011458 0.025000
2 0.748177 0.356944 0.029687 0.073148
2 0.733594 0.443056 0.039062 0.104630
2 0.759896 0.618519 0.058333 0.157407
