2 0.045573 0.662963 0.070312 0.166667
2 0.063281 0.321296 0.009896 0.025926
2 0.128125 0.263889 0.008333 0.018519
2 0.170313 0.257407 0.009375 0.020370
2 0.047656 0.311574 0.008854 0.019444
2 0.200781 0.229167 0.007812 0.015741
2 0.252344 0.218519 0.008854 0.018519
2 0.288802 0.203704 0.006771 0.016667
2 0.315104 0.193056 0.007292 0.015741
2 0.378125 0.174537 0.004167 0.010185
2 0.349479 0.182870 0.006250 0.015741
2 0.309635 0.324074 0.033854 0.074074
2 0.488542 0.216204 0.018750 0.037963
2 0.905208 0.593981 0.059375 0.136111
2 0.567448 0.199074 0.014063 0.031481
2 0.704167 0.205556 0.011458 0.025926
2 0.644010 0.197685 0.013021 0.028704
2 0.722656 0.266667 0.018229 0.048148
2 0.740885 0.250463 0.017188 0.037963
2 0.761458 0.217593 0.009375 0.022222
2 0.803125 0.209722 0.005208 0.013889
2 0.777083 0.249537 0.015625 0.036111
2 0.816406 0.256944 0.014063 0.032407
2 0.865625 0.271759 0.013542 0.030556
2 0.853385 0.241204 0.009896 0.021296
2 0.879948 0.240741 0.005729 0.016667
2 0.919531 0.259722 0.006771 0.017593
2 0.910937 0.287037 0.014583 0.031481
2 0.769792 0.205556 0.006250 0.014815
2 0.961458 0.305093 0.012500 0.028704
2 0.971354 0.287963 0.007292 0.020370
2 0.985938 0.311574 0.010417 0.026852
2 0.733594 0.191667 0.005729 0.014815
2 0.683854 0.176389 0.005208 0.013889
1 0.738802 0.318981 0.025521 0.065741
1 0.429688 0.245833 0.022917 0.049074
0 0.030729 0.308333 0.007292 0.016667
0 0.040365 0.296759 0.006771 0.013889
0 0.110677 0.262963 0.006771 0.012963
0 0.115625 0.256944 0.005208 0.012037
0 0.177865 0.228241 0.004687 0.013889
0 0.186458 0.230556 0.006250 0.014815
0 0.226823 0.215278 0.005729 0.015741
0 0.241667 0.204630 0.006250 0.012963
0 0.296094 0.188889 0.005729 0.012963
