2 0.183333 0.454630 0.046875 0.103704
2 0.803646 0.461111 0.044792 0.107407
2 0.718229 0.317593 0.025000 0.061111
2 0.371615 0.278704 0.026562 0.057407
2 0.481510 0.219444 0.016146 0.035185
2 0.544010 0.205093 0.013021 0.028704
2 0.579427 0.200000 0.010937 0.024074
2 0.615625 0.198148 0.009375 0.022222
2 0.653906 0.196759 0.007812 0.019444
2 0.696094 0.256944 0.017188 0.045370
2 0.712760 0.238426 0.014063 0.032407
2 0.726823 0.230093 0.011979 0.028704
2 0.748958 0.225463 0.009375 0.025000
2 0.723698 0.202315 0.006771 0.013889
2 0.771354 0.210185 0.007292 0.016667
2 0.804688 0.226389 0.007292 0.019444
2 0.833594 0.232407 0.007812 0.018519
2 0.822396 0.223611 0.007292 0.015741
2 0.865625 0.242593 0.007292 0.018519
1 0.780469 0.224537 0.009896 0.021296
1 0.694271 0.198611 0.008333 0.017593
2 0.902865 0.250926 0.005729 0.014815
2 0.893750 0.252778 0.007292 0.018519
2 0.929427 0.267130 0.007812 0.017593
2 0.942187 0.266667 0.006250 0.016667
2 0.966146 0.283333 0.007292 0.018519
