2 0.917188 0.675463 0.072917 0.176852
2 0.135677 0.533333 0.060937 0.153704
2 0.368490 0.282870 0.031771 0.069444
2 0.932552 0.275926 0.009896 0.022222
2 0.904427 0.281944 0.014063 0.030556
2 0.838021 0.237500 0.012500 0.025000
2 0.823177 0.256481 0.015104 0.033333
2 0.756250 0.256019 0.017708 0.041667
2 0.729167 0.209722 0.010417 0.023148
2 0.723437 0.282870 0.019792 0.054630
2 0.601562 0.198611 0.015625 0.034259
2 0.481510 0.219907 0.021354 0.047222
2 0.738542 0.361574 0.034375 0.087963
2 0.995573 0.324074 0.008854 0.025926
