2 0.026042 0.330093 0.012500 0.030556
2 0.075781 0.346759 0.020313 0.047222
2 0.081510 0.308333 0.011979 0.027778
2 0.136198 0.290741 0.014063 0.029630
2 0.194271 0.271296 0.014583 0.035185
2 0.169792 0.322222 0.021875 0.053704
2 0.209115 0.330556 0.025521 0.061111
2 0.242708 0.347685 0.027083 0.073148
2 0.223958 0.422685 0.034375 0.102778
2 0.110677 0.601852 0.063021 0.153704
2 0.941146 0.627778 0.061458 0.168519
2 0.717448 0.362037 0.038021 0.090741
2 0.292969 0.250000 0.015104 0.033333
2 0.365885 0.243981 0.017188 0.039815
2 0.455208 0.250463 0.020833 0.045370
2 0.565885 0.277778 0.025521 0.055556
