0 0.769010 0.281481 0.013021 0.033333
2 0.188021 0.445370 0.044792 0.103704
2 0.384635 0.293981 0.023438 0.056481
2 0.458594 0.244907 0.017188 0.039815
2 0.502865 0.221296 0.011979 0.025926
2 0.489844 0.193981 0.007812 0.021296
2 0.475260 0.188889 0.007812 0.018519
2 0.447396 0.179630 0.006250 0.016667
2 0.426823 0.174074 0.006771 0.016667
2 0.463281 0.169444 0.005729 0.014815
2 0.491406 0.175463 0.006771 0.015741
2 0.519010 0.181944 0.007812 0.017593
2 0.555729 0.193056 0.007292 0.019444
2 0.807813 0.532407 0.051042 0.146296
2 0.732031 0.344907 0.030729 0.073148
2 0.647135 0.230556 0.009896 0.025926
2 0.627604 0.219907 0.008333 0.023148
2 0.602865 0.210648 0.009896 0.023148
2 0.583594 0.202315 0.008854 0.021296
