1 0.235417 0.264815 0.017708 0.044444
1 0.437240 0.209722 0.015104 0.034259
2 0.179948 0.565741 0.056771 0.133333
2 0.248698 0.420370 0.039062 0.094444
2 0.267448 0.344444 0.025521 0.070370
2 0.954167 0.598611 0.055208 0.128704
2 0.528125 0.233796 0.021875 0.049074
2 0.643750 0.287037 0.028125 0.064815
2 0.768229 0.384259 0.040625 0.088889
2 0.028125 0.281019 0.007292 0.017593
2 0.055469 0.271296 0.007812 0.018519
2 0.064583 0.250926 0.006250 0.018519
2 0.091927 0.258796 0.008854 0.023148
2 0.097135 0.237500 0.006771 0.017593
2 0.129167 0.228704 0.008333 0.018519
2 0.136458 0.249074 0.009375 0.022222
2 0.163542 0.244907 0.010417 0.025000
2 0.194531 0.249537 0.011979 0.028704
2 0.174219 0.217130 0.008854 0.019444
2 0.348438 0.199537 0.010417 0.028704
2 0.284896 0.199537 0.009375 0.023148
2 0.235417 0.205556 0.008333 0.022222
