2 0.164062 0.497222 0.055208 0.118519
2 0.410938 0.256019 0.020833 0.049074
2 0.466146 0.207407 0.014583 0.031481
2 0.490365 0.181019 0.009896 0.021296
2 0.507292 0.162037 0.006250 0.016667
2 0.905469 0.650463 0.069271 0.180556
2 0.695573 0.283796 0.022396 0.058333
2 0.644792 0.220370 0.014583 0.037037
2 0.612240 0.189352 0.009896 0.023148
1 0.500521 0.168519 0.007292 0.018519
1 0.607292 0.167130 0.007292 0.015741
1 0.624740 0.169444 0.007812 0.012963
1 0.635417 0.168981 0.007292 0.015741
1 0.663542 0.172685 0.006250 0.013889
1 0.642188 0.190278 0.011458 0.021296
1 0.671094 0.197222 0.011979 0.022222
1 0.683594 0.186574 0.007812 0.019444
1 0.676042 0.176389 0.008333 0.012037
1 0.694792 0.177778 0.006250 0.014815
1 0.698958 0.205556 0.010417 0.024074
1 0.706771 0.191667 0.007292 0.016667
1 0.715365 0.196296 0.007812 0.020370
1 0.729948 0.183333 0.005729 0.014815
1 0.737240 0.217130 0.009896 0.023148
1 0.762240 0.211574 0.009896 0.021296
