2 0.266667 0.185648 0.010417 0.025000
2 0.289323 0.191667 0.009896 0.024074
2 0.319271 0.197685 0.012500 0.026852
2 0.324740 0.167593 0.007812 0.018519
2 0.358333 0.168056 0.009375 0.021296
2 0.336719 0.206019 0.010937 0.028704
2 0.353646 0.245833 0.015625 0.039815
2 0.116667 0.509722 0.048958 0.119444
2 0.310417 0.294907 0.028125 0.058333
2 0.392188 0.172222 0.010417 0.022222
2 0.438542 0.180556 0.013542 0.025926
2 0.476562 0.189815 0.011458 0.029630
2 0.579167 0.234722 0.018750 0.043519
2 0.542969 0.211574 0.017188 0.034259
2 0.503906 0.199537 0.016146 0.032407
2 0.241667 0.186111 0.008333 0.018519
