2 0.801562 0.531481 0.054167 0.140741
2 0.237240 0.411111 0.047396 0.112963
2 0.432812 0.242130 0.023958 0.054630
2 0.527865 0.204630 0.015104 0.037037
2 0.604167 0.191667 0.011458 0.029630
2 0.708333 0.300000 0.023958 0.066667
2 0.715365 0.255093 0.018229 0.045370
2 0.677865 0.191667 0.009896 0.024074
2 0.741667 0.231944 0.012500 0.036111
2 0.764583 0.206019 0.009375 0.021296
2 0.776823 0.230093 0.009896 0.026852
2 0.817708 0.219907 0.007292 0.019444
2 0.831250 0.237963 0.009375 0.024074
2 0.873437 0.252315 0.008333 0.021296
0 0.980990 0.303704 0.006771 0.018519
