0 0.704688 0.268056 0.020833 0.043519
0 0.765365 0.251389 0.015104 0.032407
0 0.984896 0.426389 0.021875 0.056481
0 0.972396 0.362500 0.015625 0.039815
2 0.238542 0.332407 0.033333 0.074074
2 0.697396 0.404630 0.044792 0.111111
2 0.437240 0.212037 0.016146 0.038889
2 0.476562 0.183333 0.012500 0.029630
2 0.465365 0.166204 0.008854 0.023148
2 0.579688 0.169444 0.009375 0.024074
2 0.528385 0.154630 0.008854 0.018519
2 0.444010 0.159259 0.008854 0.020370
2 0.392188 0.156019 0.007292 0.017593
2 0.251042 0.174074 0.006250 0.018519
2 0.329167 0.162037 0.007292 0.016667
2 0.361198 0.150463 0.006771 0.017593
1 0.161719 0.193056 0.007812 0.017593
1 0.196615 0.177778 0.007812 0.016667
