0 0.957812 0.375000 0.018750 0.048148
0 0.959896 0.466204 0.032292 0.084259
0 0.716927 0.254167 0.015104 0.037963
0 0.655469 0.231944 0.015104 0.036111
2 0.317448 0.181019 0.007812 0.019444
2 0.347135 0.147685 0.005729 0.012037
2 0.367708 0.150000 0.005208 0.012963
2 0.348438 0.196296 0.011458 0.025926
2 0.369792 0.205556 0.013542 0.029630
2 0.383594 0.154167 0.006771 0.013889
2 0.394010 0.161574 0.006771 0.015741
2 0.415885 0.167130 0.007812 0.017593
2 0.467187 0.177778 0.009375 0.022222
2 0.398958 0.221759 0.016667 0.037963
2 0.515885 0.187500 0.013021 0.028704
2 0.844271 0.601852 0.062500 0.177778
2 0.414323 0.268056 0.024479 0.050926
2 0.230990 0.412037 0.042188 0.098148
1 0.109896 0.200000 0.006250 0.012963
1 0.102604 0.206481 0.006250 0.012963
