2 0.271615 0.420833 0.047396 0.104630
2 0.424740 0.314815 0.034896 0.070370
2 0.461198 0.269444 0.024479 0.055556
2 0.474740 0.242593 0.017188 0.044444
2 0.452865 0.203704 0.015104 0.033333
2 0.632292 0.201852 0.012500 0.031481
2 0.701042 0.239352 0.017708 0.043519
2 0.755469 0.286574 0.023438 0.054630
2 0.814063 0.355556 0.026042 0.068519
2 0.896615 0.490741 0.046354 0.114815
2 0.917969 0.580093 0.050521 0.134259
1 0.424219 0.183796 0.014063 0.028704
1 0.567969 0.177778 0.010937 0.025926
2 0.379948 0.169907 0.008854 0.021296
2 0.496615 0.158333 0.007812 0.022222
2 0.319271 0.162963 0.006250 0.016667
2 0.346094 0.164815 0.007812 0.016667
2 0.396094 0.145833 0.006771 0.019444
2 0.441667 0.150000 0.007292 0.018519
2 0.191667 0.177315 0.006250 0.013889
2 0.214583 0.173148 0.005208 0.014815
2 0.275260 0.165741 0.005729 0.014815
