2 0.205990 0.516204 0.051562 0.119444
2 0.312240 0.325926 0.026562 0.061111
2 0.698438 0.305556 0.031250 0.072222
2 0.600260 0.232870 0.020313 0.043519
2 0.543750 0.206944 0.015625 0.034259
2 0.338021 0.265741 0.017708 0.042593
2 0.184635 0.224537 0.005729 0.013889
2 0.192969 0.231481 0.005729 0.014815
2 0.238802 0.221759 0.006771 0.019444
2 0.266927 0.218981 0.008854 0.021296
2 0.271094 0.200000 0.004687 0.014815
2 0.298177 0.220833 0.009896 0.025000
2 0.325521 0.230556 0.012500 0.029630
2 0.325260 0.190741 0.006771 0.016667
2 0.385417 0.184259 0.007292 0.018519
2 0.424219 0.182407 0.007812 0.022222
2 0.490365 0.191204 0.010937 0.025000
