2 0.726042 0.498611 0.053125 0.132407
2 0.720313 0.370370 0.033333 0.087037
2 0.755469 0.337037 0.029687 0.064815
2 0.800521 0.318056 0.019792 0.052778
2 0.839844 0.311111 0.019271 0.044444
2 0.140885 0.411111 0.039062 0.090741
2 0.872135 0.304630 0.015104 0.035185
2 0.865104 0.277778 0.012500 0.029630
2 0.837760 0.254630 0.010937 0.025926
2 0.795833 0.233796 0.010417 0.025000
2 0.719271 0.205556 0.010417 0.020370
2 0.354687 0.273148 0.026042 0.055556
2 0.470573 0.237500 0.021354 0.045370
2 0.565104 0.225463 0.017708 0.039815
2 0.634896 0.223148 0.013542 0.035185
2 0.646875 0.205556 0.011458 0.025926
2 0.666406 0.219444 0.014063 0.031481
2 0.665104 0.192130 0.009375 0.019444
2 0.611198 0.181944 0.007812 0.017593
2 0.604427 0.194907 0.009896 0.025000
2 0.533073 0.183333 0.008854 0.024074
2 0.559896 0.173611 0.007292 0.015741
2 0.477604 0.175926 0.009375 0.022222
2 0.505469 0.166667 0.006771 0.014815
2 0.372396 0.164352 0.005208 0.013889
2 0.384896 0.159722 0.005208 0.012037
2 0.400781 0.168981 0.007812 0.019444
