2 0.108594 0.655093 0.072396 0.162037
2 0.927344 0.580556 0.064062 0.159259
2 0.746615 0.396296 0.048438 0.111111
2 0.665365 0.306481 0.028646 0.072222
2 0.276562 0.338426 0.032292 0.069444
2 0.370833 0.262037 0.021875 0.048148
2 0.450521 0.223148 0.019792 0.044444
2 0.507292 0.210648 0.017708 0.032407
2 0.584115 0.202778 0.014063 0.029630
2 0.654687 0.206019 0.013542 0.028704
2 0.682292 0.257870 0.023958 0.056481
2 0.727865 0.215278 0.014063 0.028704
2 0.759635 0.260648 0.019271 0.045370
2 0.866667 0.282407 0.017708 0.042593
2 0.901823 0.291204 0.019271 0.043519
2 0.957292 0.300463 0.015625 0.032407
2 0.982292 0.298148 0.010417 0.031481
2 0.994271 0.291204 0.008333 0.028704
2 0.790365 0.224537 0.011979 0.030556
2 0.821615 0.227315 0.008854 0.026852
2 0.842448 0.230556 0.009896 0.025926
2 0.855469 0.228704 0.007812 0.018519
1 0.967187 0.254630 0.008333 0.020370
1 0.859115 0.214815 0.007812 0.020370
2 0.844792 0.201389 0.007292 0.017593
2 0.907292 0.212963 0.006250 0.018519
2 0.935937 0.230556 0.007292 0.020370
2 0.830469 0.192593 0.004687 0.012963
2 0.814844 0.185648 0.005729 0.013889
