2 0.167969 0.198148 0.005729 0.014815
2 0.174740 0.202778 0.008854 0.016667
2 0.726042 0.542593 0.048958 0.162963
2 0.074219 0.559259 0.061979 0.157407
2 0.314063 0.175926 0.008333 0.018519
2 0.343229 0.165278 0.007292 0.017593
2 0.359635 0.172222 0.008854 0.020370
2 0.408594 0.170370 0.009896 0.024074
2 0.442708 0.175000 0.011458 0.027778
2 0.471875 0.163426 0.008333 0.017593
2 0.401562 0.260185 0.023958 0.055556
2 0.485677 0.212500 0.015104 0.041667
2 0.526042 0.168519 0.009375 0.022222
2 0.601302 0.191667 0.010937 0.029630
2 0.662240 0.232870 0.020313 0.043519
2 0.659896 0.327778 0.030208 0.079630
