1 0.048958 0.297685 0.084375 0.175000
1 0.929948 0.832870 0.091146 0.193519
1 0.337240 0.364815 0.040104 0.090741
1 0.743490 0.456944 0.042188 0.112037
1 0.977344 0.386111 0.023438 0.055556
1 0.965365 0.321296 0.018229 0.035185
1 0.835417 0.343519 0.026042 0.061111
1 0.871094 0.299537 0.016146 0.043519
1 0.864844 0.258796 0.014063 0.028704
1 0.780469 0.300463 0.023438 0.054630
1 0.730990 0.266667 0.020313 0.044444
1 0.769271 0.237500 0.015625 0.032407
1 0.786198 0.218519 0.013021 0.024074
1 0.694271 0.241204 0.019792 0.041667
1 0.702083 0.201852 0.012500 0.025926
1 0.661198 0.219444 0.016146 0.035185
1 0.634115 0.203241 0.014063 0.030556
1 0.615625 0.189815 0.011458 0.025926
1 0.419792 0.198611 0.013542 0.028704
1 0.436979 0.168056 0.009375 0.019444
1 0.488021 0.170370 0.011458 0.022222
1 0.465104 0.172222 0.012500 0.012963
1 0.534115 0.176389 0.010937 0.023148
1 0.511458 0.175463 0.012500 0.017593
