2 0.232292 0.459259 0.054167 0.131481
2 0.027865 0.290741 0.010937 0.027778
2 0.101823 0.261111 0.013021 0.031481
2 0.159115 0.243981 0.013021 0.030556
2 0.162240 0.223611 0.010937 0.025000
2 0.219792 0.233796 0.017708 0.037963
2 0.251563 0.204630 0.011458 0.024074
2 0.261198 0.240741 0.018229 0.040741
2 0.304167 0.281019 0.027083 0.063889
2 0.329688 0.193981 0.011458 0.030556
2 0.407813 0.198148 0.014583 0.033333
2 0.541667 0.235648 0.022917 0.054630
2 0.769792 0.447222 0.051042 0.124074
0 0.045052 0.263426 0.006771 0.017593
0 0.055729 0.262500 0.006250 0.019444
