2 0.965365 0.852778 0.069271 0.187037
2 0.188542 0.442130 0.050000 0.110185
2 0.512240 0.256019 0.027604 0.056481
2 0.596615 0.213889 0.014063 0.031481
2 0.589583 0.200926 0.012500 0.031481
2 0.561719 0.183333 0.009896 0.025926
2 0.530990 0.171296 0.010937 0.025926
2 0.486719 0.158796 0.007812 0.021296
2 0.479687 0.154167 0.006250 0.017593
2 0.501823 0.146296 0.006771 0.016667
2 0.527865 0.146296 0.006771 0.014815
2 0.557292 0.148148 0.005208 0.012963
2 0.584115 0.167130 0.007812 0.017593
2 0.590365 0.154167 0.006771 0.015741
2 0.639844 0.181019 0.009896 0.025000
2 0.606771 0.171759 0.007292 0.021296
2 0.686198 0.201389 0.009896 0.025000
2 0.726562 0.219444 0.013542 0.033333
2 0.648438 0.168519 0.006250 0.014815
2 0.662760 0.169907 0.007812 0.015741
2 0.691146 0.176852 0.005208 0.012963
2 0.708333 0.177315 0.006250 0.015741
2 0.851042 0.381481 0.026042 0.064815
2 0.805469 0.279630 0.017188 0.044444
2 0.765365 0.243519 0.014063 0.037037
