2 0.934115 0.766204 0.080729 0.187963
2 0.217188 0.233796 0.005208 0.015741
2 0.178125 0.243519 0.005208 0.012963
2 0.276042 0.210185 0.005208 0.012963
2 0.062240 0.322222 0.006771 0.018519
2 0.083073 0.294444 0.006771 0.016667
2 0.334896 0.278241 0.023958 0.050926
2 0.976562 0.272685 0.006250 0.013889
2 0.934635 0.246296 0.004687 0.014815
2 0.956771 0.263889 0.006250 0.018519
2 0.963542 0.278704 0.007292 0.022222
2 0.921615 0.261111 0.006771 0.020370
2 0.927865 0.253704 0.005729 0.014815
2 0.889583 0.237500 0.006250 0.017593
2 0.882292 0.248148 0.008333 0.020370
2 0.744792 0.203241 0.009375 0.017593
2 0.697917 0.195833 0.008333 0.021296
2 0.771615 0.206019 0.007812 0.019444
2 0.798438 0.231019 0.010417 0.025000
2 0.816667 0.217593 0.008333 0.016667
2 0.834635 0.234722 0.007812 0.023148
2 0.854688 0.226852 0.006250 0.018519
2 0.760417 0.230556 0.010417 0.029630
2 0.735417 0.339815 0.027083 0.079630
2 0.721094 0.248148 0.017188 0.044444
2 0.619792 0.195370 0.011458 0.025926
2 0.498437 0.207407 0.014583 0.029630
1 0.126302 0.267130 0.007812 0.015741
1 0.142708 0.265278 0.008333 0.017593
