0 0.989583 0.312500 0.007292 0.019444
2 0.237500 0.402315 0.044792 0.104630
2 0.435417 0.245370 0.023958 0.053704
2 0.531771 0.211111 0.014583 0.037037
2 0.608854 0.200463 0.010417 0.026852
2 0.700781 0.302315 0.022396 0.062037
2 0.714323 0.259722 0.017188 0.045370
2 0.685156 0.200463 0.009896 0.026852
2 0.744792 0.241204 0.013542 0.034259
2 0.770833 0.516204 0.057292 0.147222
2 0.772135 0.214815 0.008854 0.020370
2 0.781771 0.237500 0.010417 0.026852
2 0.827083 0.231019 0.008333 0.019444
2 0.838281 0.247222 0.009896 0.024074
2 0.929948 0.279167 0.007812 0.019444
2 0.881771 0.261111 0.008333 0.020370
