1 0.578646 0.206019 0.015625 0.030556
1 0.752865 0.256019 0.014063 0.037963
2 0.089063 0.317593 0.009375 0.022222
2 0.185938 0.268519 0.007292 0.022222
2 0.262760 0.224537 0.006771 0.019444
2 0.288021 0.228241 0.007292 0.017593
2 0.326042 0.204167 0.005208 0.015741
2 0.367448 0.200926 0.005729 0.018519
2 0.201563 0.468056 0.052083 0.115741
2 0.357292 0.318056 0.033333 0.073148
2 0.449740 0.259722 0.026562 0.056481
2 0.518490 0.219907 0.017188 0.036111
2 0.767188 0.310185 0.023958 0.055556
2 0.805990 0.396296 0.032813 0.087037
2 0.765365 0.243519 0.013021 0.033333
2 0.787240 0.220370 0.008854 0.022222
2 0.791667 0.243519 0.011458 0.025926
2 0.674740 0.203241 0.010937 0.021296
2 0.737500 0.209722 0.009375 0.019444
2 0.615365 0.201852 0.011979 0.025926
2 0.837240 0.237963 0.008854 0.018519
2 0.826042 0.249074 0.010417 0.029630
2 0.861719 0.260648 0.010937 0.026852
2 0.883594 0.254630 0.007812 0.020370
2 0.906771 0.278704 0.010417 0.025926
2 0.948438 0.295370 0.010417 0.024074
2 0.965365 0.281019 0.006771 0.015741
2 0.924740 0.268519 0.007812 0.018519
2 0.930990 0.264815 0.004687 0.012963
0 0.401042 0.183333 0.005208 0.012963
2 0.936979 0.631944 0.057292 0.137963
