0 0.646615 0.214352 0.013021 0.034259
0 0.690365 0.167130 0.005729 0.015741
0 0.697656 0.174074 0.005729 0.016667
0 0.708333 0.185185 0.008333 0.018519
0 0.725260 0.201852 0.010937 0.025926
0 0.755990 0.232870 0.014063 0.037963
0 0.643229 0.188426 0.008333 0.023148
2 0.082812 0.696296 0.061458 0.179630
2 0.365625 0.278704 0.022917 0.053704
2 0.540885 0.160648 0.007812 0.019444
2 0.547656 0.168981 0.008854 0.023148
2 0.572396 0.180556 0.012500 0.025926
2 0.603906 0.211111 0.015104 0.040741
2 0.458073 0.151852 0.006771 0.012963
2 0.467708 0.144907 0.005208 0.013889
2 0.447917 0.160185 0.008333 0.018519
2 0.436198 0.170833 0.008854 0.021296
2 0.441927 0.187500 0.011979 0.026852
2 0.422135 0.212037 0.015104 0.035185
0 0.828646 0.314815 0.025000 0.055556
