0 0.607812 0.196759 0.008333 0.021296
0 0.644792 0.206481 0.008333 0.022222
0 0.726042 0.264815 0.016667 0.038889
0 0.801042 0.251852 0.012500 0.025926
0 0.784115 0.258333 0.010937 0.027778
0 0.973698 0.360185 0.013021 0.035185
0 0.976562 0.401852 0.017708 0.048148
2 0.270052 0.303241 0.029687 0.067593
2 0.807552 0.769444 0.085938 0.231481
2 0.640365 0.360648 0.033854 0.091667
2 0.614323 0.260648 0.018229 0.050926
2 0.364844 0.165278 0.006771 0.015741
2 0.391667 0.228704 0.016667 0.040741
2 0.396354 0.175000 0.009375 0.018519
2 0.421615 0.153704 0.004687 0.011111
2 0.415885 0.178241 0.008854 0.021296
2 0.441146 0.159722 0.005208 0.013889
2 0.440625 0.186574 0.010417 0.025000
2 0.457813 0.202315 0.010417 0.028704
2 0.483073 0.167130 0.007812 0.015741
2 0.518229 0.175000 0.008333 0.016667
