0 0.870833 0.220833 0.007292 0.019444
0 0.912500 0.249537 0.008333 0.021296
0 0.986719 0.280093 0.007812 0.021296
0 0.976562 0.297685 0.012500 0.028704
0 0.935156 0.244907 0.006771 0.017593
2 0.038542 0.901852 0.076042 0.196296
2 0.445573 0.245833 0.021354 0.049074
2 0.492708 0.205093 0.015625 0.037963
2 0.533333 0.183333 0.012500 0.029630
2 0.593750 0.168519 0.009375 0.024074
2 0.667708 0.169907 0.008333 0.019444
2 0.725000 0.175926 0.007292 0.016667
2 0.698698 0.229167 0.017188 0.045370
2 0.735417 0.277315 0.023958 0.060185
2 0.750000 0.195370 0.010417 0.024074
2 0.791927 0.198148 0.008854 0.022222
2 0.800000 0.189352 0.007292 0.015741
2 0.839323 0.198611 0.006771 0.015741
2 0.855469 0.198611 0.005729 0.015741
