0 0.836719 0.287963 0.010937 0.025926
0 0.974219 0.393056 0.020313 0.047222
2 0.106771 0.470833 0.048958 0.123148
2 0.318490 0.316204 0.034896 0.069444
2 0.462240 0.256019 0.023438 0.049074
2 0.769792 0.447222 0.041667 0.118519
2 0.760417 0.329167 0.025000 0.067593
2 0.553646 0.229167 0.015625 0.037963
2 0.598958 0.219444 0.012500 0.029630
2 0.613542 0.191667 0.007292 0.016667
2 0.571615 0.174537 0.006771 0.017593
2 0.624219 0.197685 0.005729 0.019444
2 0.632812 0.217130 0.009375 0.021296
2 0.643490 0.212500 0.007812 0.021296
2 0.628125 0.183333 0.006250 0.014815
2 0.652344 0.193981 0.005729 0.013889
2 0.682292 0.207870 0.007292 0.013889
2 0.705469 0.218981 0.007812 0.017593
2 0.720313 0.226389 0.008333 0.019444
2 0.739844 0.237037 0.007812 0.018519
2 0.752344 0.243519 0.007812 0.024074
2 0.766667 0.290278 0.016667 0.047222
