0 0.585938 0.217130 0.018750 0.036111
0 0.639844 0.208796 0.014063 0.030556
0 0.807292 0.204630 0.006250 0.016667
0 0.826562 0.206019 0.006250 0.015741
0 0.852865 0.231481 0.008854 0.022222
0 0.710417 0.204630 0.010417 0.024074
0 0.690365 0.300463 0.023438 0.056481
0 0.707292 0.266204 0.019792 0.045370
0 0.760938 0.252315 0.015625 0.036111
0 0.771615 0.203704 0.007812 0.020370
0 0.815365 0.241667 0.011979 0.027778
0 0.846094 0.205556 0.005729 0.011111
0 0.873437 0.229167 0.007292 0.017593
0 0.888542 0.229167 0.007292 0.015741
0 0.899740 0.227778 0.005729 0.012963
2 0.526042 0.214815 0.013542 0.035185
2 0.213021 0.472685 0.048958 0.126852
2 0.338542 0.268519 0.019792 0.053704
2 0.374740 0.195833 0.010937 0.026852
2 0.432292 0.172222 0.009375 0.022222
2 0.495312 0.189352 0.011458 0.030556
2 0.480990 0.161111 0.007812 0.018519
2 0.524219 0.173148 0.009896 0.024074
2 0.557813 0.167593 0.009375 0.018519
2 0.588542 0.162963 0.008333 0.018519
2 0.722917 0.170833 0.007292 0.015741
2 0.669792 0.165278 0.006250 0.015741
2 0.762240 0.180093 0.006771 0.015741
