2 0.068229 0.523148 0.054167 0.122222
2 0.305469 0.347222 0.031771 0.075926
2 0.464323 0.293981 0.030729 0.062037
2 0.596875 0.278704 0.028125 0.051852
2 0.680208 0.268056 0.021875 0.043519
2 0.704948 0.256019 0.016146 0.037963
2 0.717187 0.247685 0.012500 0.032407
2 0.702865 0.219907 0.010937 0.025000
2 0.477604 0.145370 0.005208 0.011111
2 0.497135 0.146759 0.004687 0.012037
2 0.515885 0.139352 0.004687 0.012037
2 0.519792 0.150926 0.005208 0.012963
2 0.542969 0.143056 0.004687 0.012037
2 0.551823 0.155556 0.006771 0.014815
2 0.569792 0.146759 0.005208 0.013889
2 0.589323 0.163426 0.005729 0.013889
2 0.607292 0.154167 0.005208 0.013889
2 0.613802 0.170833 0.007812 0.015741
2 0.644271 0.182407 0.007292 0.018519
2 0.656510 0.166667 0.005729 0.016667
2 0.697135 0.180093 0.006771 0.017593
2 0.743750 0.197685 0.007292 0.021296
2 0.896354 0.910185 0.107292 0.179630
2 0.891667 0.567593 0.046875 0.140741
2 0.941146 0.450463 0.029167 0.082407
2 0.960938 0.433796 0.020833 0.073148
2 0.948438 0.378704 0.016667 0.046296
2 0.927083 0.334722 0.016667 0.041667
2 0.898438 0.298611 0.014583 0.036111
2 0.850781 0.258796 0.014063 0.030556
1 0.680729 0.200926 0.010417 0.024074
1 0.802604 0.228704 0.009375 0.024074
