2 0.310937 0.354630 0.041667 0.092593
2 0.099740 0.227315 0.007812 0.021296
2 0.185417 0.203704 0.007292 0.022222
2 0.773438 0.531019 0.057292 0.158333
2 0.684115 0.263426 0.026562 0.056481
2 0.446615 0.240278 0.021354 0.054630
2 0.445573 0.200463 0.016146 0.037963
2 0.589063 0.194444 0.013542 0.033333
2 0.251563 0.188889 0.009375 0.020370
2 0.288542 0.170370 0.009375 0.020370
2 0.302865 0.180556 0.010937 0.024074
2 0.357812 0.178241 0.012500 0.026852
2 0.366667 0.164815 0.007292 0.016667
2 0.397135 0.180556 0.011979 0.029630
2 0.432812 0.162963 0.007292 0.018519
2 0.495312 0.168519 0.011458 0.025926
0 0.191146 0.192130 0.005208 0.015741
0 0.125521 0.202315 0.004167 0.013889
0 0.133594 0.195833 0.004687 0.013889
0 0.177344 0.193056 0.006771 0.015741
