2 0.214844 0.253704 0.007812 0.016667
2 0.201302 0.254167 0.007812 0.015741
2 0.236979 0.251852 0.009375 0.022222
2 0.276302 0.251852 0.011979 0.027778
2 0.309635 0.261574 0.015104 0.036111
2 0.316667 0.315741 0.021875 0.062963
2 0.197917 0.523611 0.053125 0.136111
2 0.842187 0.456481 0.050000 0.116667
2 0.623437 0.269444 0.023958 0.057407
2 0.490885 0.225000 0.014063 0.031481
2 0.322396 0.218981 0.006250 0.013889
2 0.336979 0.220833 0.007292 0.019444
2 0.406250 0.216204 0.010417 0.025000
2 0.269792 0.227315 0.006250 0.013889
