2 0.273438 0.411574 0.038542 0.106481
2 0.280990 0.318519 0.028646 0.068519
2 0.244271 0.280093 0.021875 0.050926
2 0.315365 0.219444 0.014063 0.031481
2 0.419792 0.222685 0.014583 0.037963
2 0.527344 0.250000 0.023438 0.055556
2 0.674740 0.332407 0.038021 0.083333
2 0.196615 0.275926 0.016146 0.037037
2 0.129167 0.281481 0.012500 0.037037
2 0.116667 0.256481 0.007292 0.018519
2 0.065365 0.293056 0.011979 0.028704
2 0.076563 0.268056 0.007292 0.019444
2 0.083073 0.252778 0.005729 0.012963
2 0.098698 0.243056 0.004687 0.013889
2 0.020313 0.280093 0.007292 0.013889
0 0.145313 0.245833 0.010417 0.021296
0 0.165365 0.231944 0.007812 0.017593
0 0.196094 0.217130 0.006771 0.015741
0 0.212240 0.231944 0.009896 0.023148
0 0.230990 0.216204 0.007812 0.019444
0 0.227865 0.201852 0.004687 0.012963
0 0.255469 0.202315 0.006771 0.013889
0 0.249740 0.191204 0.004687 0.010185
0 0.277865 0.190741 0.004687 0.011111
0 0.292187 0.181944 0.004167 0.013889
