0 0.968490 0.277315 0.007812 0.021296
0 0.965365 0.296759 0.010937 0.026852
0 0.898438 0.249537 0.008333 0.019444
2 0.789062 0.183796 0.005208 0.012037
2 0.807292 0.205556 0.007292 0.016667
2 0.827344 0.195833 0.004687 0.012037
2 0.845833 0.213889 0.006250 0.014815
2 0.814063 0.225926 0.010417 0.025926
2 0.773438 0.224537 0.013542 0.032407
2 0.929688 0.241667 0.006250 0.014815
2 0.937760 0.573148 0.055729 0.144444
2 0.234115 0.497685 0.043229 0.125000
2 0.406771 0.284722 0.026042 0.065741
2 0.484635 0.225000 0.019271 0.044444
2 0.773438 0.337037 0.032292 0.079630
2 0.730208 0.267593 0.020833 0.051852
2 0.719792 0.230093 0.014583 0.039815
2 0.725260 0.190741 0.007812 0.020370
2 0.661458 0.188426 0.010417 0.023148
2 0.569792 0.190741 0.013542 0.027778
1 0.708333 0.160648 0.005208 0.012037
1 0.688281 0.158796 0.005729 0.012037
