2 0.478646 0.218056 0.016667 0.041667
2 0.566667 0.218519 0.016667 0.040741
2 0.283333 0.243981 0.015625 0.034259
2 0.341406 0.207407 0.010937 0.027778
2 0.375521 0.184259 0.008333 0.022222
2 0.643490 0.224074 0.017188 0.044444
2 0.487240 0.190741 0.010937 0.029630
2 0.479167 0.161574 0.006250 0.019444
2 0.471615 0.156019 0.005729 0.012037
2 0.390365 0.171759 0.007812 0.019444
2 0.399740 0.163426 0.006771 0.013889
1 0.404167 0.155556 0.005208 0.012963
1 0.491667 0.153704 0.006250 0.014815
1 0.507292 0.153704 0.007292 0.014815
1 0.523438 0.154167 0.006250 0.015741
1 0.499740 0.143519 0.004687 0.011111
1 0.478125 0.145370 0.005208 0.011111
1 0.569792 0.152315 0.006250 0.012037
1 0.530469 0.143519 0.005729 0.007407
