2 0.149740 0.415278 0.039062 0.087963
2 0.340365 0.318056 0.033854 0.071296
2 0.829688 0.638426 0.058333 0.173148
2 0.885417 0.443056 0.033333 0.095370
2 0.907292 0.416667 0.023958 0.083333
2 0.889323 0.348611 0.019271 0.052778
2 0.497917 0.281019 0.029167 0.069444
2 0.594271 0.256944 0.023958 0.049074
2 0.624219 0.243056 0.017188 0.041667
2 0.638542 0.230556 0.012500 0.033333
2 0.626823 0.202315 0.008854 0.026852
2 0.568490 0.168056 0.009896 0.019444
2 0.540365 0.156944 0.009896 0.017593
2 0.863542 0.302778 0.019792 0.046296
2 0.832292 0.266204 0.016667 0.041667
2 0.782292 0.230556 0.013542 0.029630
2 0.672917 0.176389 0.008333 0.023148
2 0.624740 0.160185 0.008854 0.018519
2 0.515885 0.153241 0.007812 0.017593
2 0.476562 0.148148 0.007292 0.016667
2 0.584635 0.150926 0.006771 0.018519
2 0.534115 0.142130 0.005729 0.013889
2 0.497396 0.137963 0.005208 0.012963
2 0.421615 0.144444 0.005729 0.012963
2 0.401302 0.144907 0.005729 0.013889
2 0.445312 0.144907 0.006250 0.013889
1 0.732292 0.201852 0.008333 0.022222
1 0.605208 0.182870 0.012500 0.026852
