2 0.339062 0.287500 0.026042 0.060185
2 0.429688 0.219907 0.017708 0.039815
2 0.503385 0.190741 0.011979 0.029630
2 0.554688 0.181019 0.010417 0.023148
2 0.584635 0.180556 0.008854 0.020370
2 0.616667 0.179167 0.008333 0.017593
2 0.652865 0.179630 0.007812 0.014815
2 0.703646 0.296759 0.026042 0.062037
2 0.672917 0.243981 0.017708 0.043519
2 0.691667 0.205556 0.010417 0.025926
2 0.708333 0.201852 0.009375 0.024074
2 0.730990 0.199537 0.008854 0.019444
2 0.788542 0.205556 0.007292 0.014815
2 0.718490 0.184722 0.005729 0.013889
2 0.811719 0.204630 0.005729 0.012963
2 0.817187 0.212500 0.007292 0.015741
2 0.846875 0.219907 0.006250 0.015741
2 0.851042 0.215741 0.004167 0.012963
2 0.873698 0.229167 0.005729 0.015741
2 0.887240 0.228704 0.005729 0.012963
2 0.906510 0.241667 0.005729 0.014815
2 0.903385 0.229630 0.004687 0.011111
2 0.924219 0.243981 0.004687 0.012037
2 0.939583 0.255556 0.006250 0.014815
2 0.935417 0.243519 0.004167 0.011111
2 0.949219 0.253704 0.004687 0.012963
2 0.955469 0.254630 0.004687 0.011111
2 0.982292 0.273148 0.005208 0.012963
1 0.690365 0.180556 0.007812 0.016667
1 0.764062 0.201389 0.008333 0.019444
