0 0.906771 0.331481 0.013542 0.035185
0 0.963802 0.348611 0.013021 0.028704
0 0.844531 0.285185 0.009896 0.024074
2 0.831250 0.704167 0.071875 0.175000
2 0.080990 0.481944 0.050521 0.115741
2 0.685937 0.220833 0.008333 0.017593
2 0.738802 0.226389 0.005729 0.013889
2 0.757292 0.237500 0.007292 0.017593
2 0.737500 0.267593 0.015625 0.042593
2 0.763802 0.262963 0.011979 0.033333
2 0.707031 0.287963 0.022396 0.057407
2 0.673698 0.362500 0.030729 0.080556
2 0.278906 0.305556 0.030729 0.064815
2 0.395313 0.249074 0.027083 0.053704
2 0.478646 0.225926 0.019792 0.038889
2 0.654687 0.216667 0.009375 0.024074
2 0.617188 0.215741 0.011458 0.025926
2 0.555990 0.215741 0.016146 0.033333
