2 0.171615 0.606481 0.070312 0.164815
2 0.958073 0.552778 0.052604 0.135185
2 0.259115 0.225000 0.007812 0.020370
2 0.268490 0.230556 0.009896 0.022222
2 0.281510 0.236574 0.011979 0.030556
2 0.284375 0.215278 0.006250 0.015741
2 0.351042 0.196296 0.006250 0.014815
2 0.310937 0.254167 0.015625 0.037963
2 0.319792 0.301389 0.020833 0.060185
2 0.623437 0.261574 0.023958 0.052778
2 0.497135 0.214352 0.014063 0.030556
2 0.415365 0.205556 0.009896 0.020370
2 0.380469 0.201389 0.006771 0.019444
2 0.387240 0.199074 0.005729 0.016667
2 0.406250 0.194907 0.006250 0.017593
2 0.443490 0.183796 0.006771 0.013889
2 0.460417 0.189815 0.007292 0.016667
2 0.547396 0.186111 0.006250 0.016667
2 0.622135 0.184259 0.007812 0.018519
2 0.598958 0.176852 0.005208 0.012963
2 0.610677 0.174074 0.004687 0.012963
2 0.649740 0.183796 0.005729 0.015741
