2 0.317969 0.320833 0.031771 0.071296
2 0.728385 0.340741 0.029687 0.081481
2 0.696094 0.277778 0.019271 0.048148
2 0.431510 0.242593 0.020313 0.040741
2 0.517969 0.209722 0.013021 0.028704
2 0.573958 0.201389 0.011458 0.026852
2 0.606771 0.200000 0.008333 0.020370
2 0.640104 0.200000 0.008333 0.018519
2 0.678125 0.200000 0.007292 0.018519
2 0.718490 0.231019 0.014063 0.030556
2 0.735677 0.226389 0.010937 0.025000
2 0.695312 0.241667 0.014583 0.033333
2 0.759896 0.225463 0.010417 0.023148
1 0.794010 0.227315 0.008854 0.019444
1 0.717708 0.204167 0.009375 0.017593
2 0.746875 0.207870 0.007292 0.015741
2 0.820052 0.230556 0.007812 0.016667
2 0.842969 0.231019 0.006771 0.015741
2 0.848437 0.238889 0.006250 0.016667
2 0.907552 0.258796 0.006771 0.017593
2 0.921094 0.258333 0.005729 0.016667
2 0.941927 0.272222 0.008854 0.018519
2 0.959635 0.274074 0.005729 0.014815
2 0.977344 0.287500 0.006771 0.015741
