2 0.108594 0.823611 0.098437 0.193519
2 0.913542 0.561111 0.057292 0.142593
2 0.238021 0.449537 0.039583 0.097222
2 0.259115 0.345833 0.027604 0.063889
2 0.255990 0.283333 0.019271 0.040741
2 0.290625 0.252315 0.015625 0.034259
2 0.334115 0.228704 0.013021 0.029630
2 0.370312 0.216204 0.011458 0.025000
2 0.719792 0.370370 0.038542 0.088889
2 0.587240 0.281944 0.023438 0.060185
2 0.517448 0.256944 0.021354 0.049074
2 0.479687 0.239352 0.015625 0.043519
2 0.493490 0.219444 0.014063 0.035185
2 0.424740 0.205093 0.010937 0.023148
2 0.477344 0.197685 0.009896 0.019444
2 0.532292 0.195833 0.009375 0.021296
2 0.546094 0.213889 0.011979 0.031481
2 0.580469 0.193981 0.008854 0.021296
2 0.605469 0.193056 0.007812 0.017593
2 0.622917 0.192593 0.008333 0.018519
2 0.635938 0.188426 0.007292 0.017593
2 0.622396 0.215278 0.014583 0.026852
2 0.647917 0.216204 0.011458 0.026852
2 0.696094 0.216667 0.010937 0.024074
2 0.722656 0.212037 0.009896 0.025926
2 0.738542 0.210648 0.007292 0.019444
2 0.628385 0.170833 0.005729 0.012037
1 0.644792 0.180556 0.006250 0.016667
1 0.731771 0.193056 0.007292 0.015741
