1 0.054948 0.274074 0.009896 0.024074
2 0.058333 0.291204 0.011458 0.026852
2 0.140885 0.240741 0.008854 0.020370
2 0.158333 0.258796 0.015625 0.034259
2 0.197396 0.223148 0.008333 0.024074
2 0.255729 0.209722 0.009375 0.025000
2 0.199740 0.253241 0.014063 0.034259
2 0.273177 0.243056 0.017188 0.039815
2 0.297135 0.257870 0.021354 0.049074
2 0.285417 0.292593 0.023958 0.059259
2 0.220833 0.376389 0.037500 0.082407
2 0.322917 0.196759 0.010417 0.026852
2 0.396094 0.191667 0.013021 0.029630
2 0.468229 0.196296 0.016667 0.031481
2 0.556250 0.218519 0.018750 0.040741
2 0.632292 0.269907 0.027083 0.056481
2 0.754427 0.439352 0.049479 0.108333
