2 0.232813 0.379167 0.040625 0.099074
2 0.279167 0.270833 0.020833 0.049074
2 0.270833 0.236574 0.012500 0.030556
2 0.297917 0.198148 0.007292 0.018519
2 0.372135 0.179167 0.007812 0.015741
2 0.395313 0.191204 0.010417 0.025000
2 0.405469 0.182870 0.007812 0.023148
2 0.430990 0.197222 0.010937 0.025926
2 0.428646 0.181019 0.008333 0.019444
2 0.685417 0.318519 0.035417 0.083333
2 0.518490 0.217593 0.021354 0.046296
2 0.490365 0.175000 0.008854 0.020370
2 0.474740 0.168519 0.005729 0.014815
2 0.562500 0.166204 0.006250 0.015741
2 0.587240 0.178241 0.007812 0.019444
2 0.644792 0.167593 0.006250 0.014815
2 0.658073 0.165278 0.005729 0.013889
2 0.665365 0.164352 0.004687 0.012037
2 0.671615 0.179167 0.007812 0.019444
2 0.702344 0.179167 0.006771 0.017593
2 0.717708 0.178241 0.006250 0.017593
