2 0.419010 0.152315 0.007812 0.015741
2 0.457813 0.153241 0.007292 0.019444
2 0.498437 0.156019 0.007292 0.019444
2 0.524740 0.160648 0.010937 0.019444
2 0.496615 0.201852 0.015104 0.037037
2 0.221615 0.401852 0.047396 0.111111
2 0.362240 0.256019 0.025521 0.056481
2 0.593490 0.162963 0.006771 0.018519
2 0.554167 0.185185 0.010417 0.029630
2 0.642188 0.237500 0.016667 0.043519
2 0.628385 0.277778 0.027604 0.061111
2 0.696615 0.428241 0.049479 0.115741
2 0.648958 0.181019 0.009375 0.023148
2 0.680208 0.206019 0.012500 0.032407
