1 0.101562 0.277778 0.010417 0.025926
2 0.973177 0.687037 0.053646 0.157407
2 0.039323 0.298611 0.008854 0.023148
2 0.065104 0.321759 0.014583 0.036111
2 0.153906 0.305556 0.020313 0.042593
2 0.188021 0.251389 0.011458 0.025000
2 0.184375 0.316204 0.019792 0.050926
2 0.244531 0.398148 0.031771 0.088889
2 0.139844 0.557407 0.050521 0.122222
2 0.263281 0.323611 0.029687 0.060185
2 0.246094 0.239352 0.011979 0.028704
2 0.310156 0.229630 0.011979 0.031481
2 0.389583 0.223611 0.013542 0.034259
2 0.744792 0.354630 0.034375 0.079630
2 0.482812 0.230093 0.018750 0.039815
2 0.584635 0.256944 0.024479 0.050926
