2 0.208333 0.502778 0.051042 0.124074
2 0.345313 0.170833 0.006250 0.015741
2 0.338802 0.178704 0.008854 0.018519
2 0.280208 0.200463 0.010417 0.023148
2 0.195833 0.245833 0.012500 0.028704
2 0.338802 0.205556 0.014063 0.029630
2 0.386458 0.186574 0.012500 0.026852
2 0.419531 0.153241 0.005729 0.012037
2 0.426042 0.157407 0.005208 0.012963
2 0.432812 0.160648 0.005208 0.015741
2 0.437500 0.164352 0.006250 0.017593
2 0.434375 0.172222 0.009375 0.020370
2 0.409635 0.193056 0.013021 0.028704
2 0.479687 0.187963 0.011458 0.027778
