2 0.059115 0.831019 0.090104 0.204630
2 0.211719 0.523148 0.056771 0.131481
2 0.269792 0.381944 0.033333 0.087963
2 0.294010 0.281019 0.022396 0.058333
2 0.297917 0.247685 0.015625 0.045370
2 0.296615 0.205556 0.010937 0.025926
2 0.335938 0.186574 0.007292 0.019444
2 0.842187 0.406019 0.038542 0.112037
2 0.692969 0.293056 0.033854 0.073148
2 0.576042 0.223148 0.022917 0.053704
2 0.517188 0.198611 0.018750 0.041667
2 0.466667 0.184259 0.014583 0.031481
2 0.452865 0.176852 0.010937 0.027778
2 0.489583 0.159722 0.007292 0.019444
2 0.499219 0.155093 0.005729 0.017593
2 0.384896 0.173611 0.006250 0.017593
2 0.401823 0.169444 0.005729 0.016667
1 0.461198 0.153704 0.005729 0.012963
