1 0.632292 0.195833 0.012500 0.023148
1 0.611719 0.171296 0.004687 0.011111
1 0.766667 0.238426 0.012500 0.030556
0 0.452344 0.176389 0.004687 0.010185
0 0.442188 0.174074 0.004167 0.009259
0 0.482292 0.172685 0.005208 0.012037
0 0.489844 0.169444 0.004687 0.007407
2 0.229167 0.410648 0.044792 0.099074
2 0.412240 0.268519 0.026562 0.057407
2 0.479167 0.232870 0.020833 0.043519
2 0.534115 0.215741 0.017188 0.035185
2 0.583333 0.200463 0.010417 0.028704
2 0.666146 0.194907 0.010417 0.019444
2 0.720573 0.201852 0.009896 0.018519
2 0.777344 0.212963 0.008854 0.018519
2 0.784635 0.233333 0.009896 0.025926
2 0.754167 0.260185 0.014583 0.038889
2 0.752344 0.290278 0.020313 0.052778
2 0.777865 0.353704 0.026562 0.068519
2 0.879167 0.570833 0.055208 0.134259
2 0.823438 0.225463 0.007292 0.019444
2 0.813542 0.236574 0.008333 0.023148
2 0.846875 0.246296 0.009375 0.022222
2 0.869271 0.243519 0.007292 0.016667
2 0.880469 0.257407 0.008854 0.022222
2 0.877083 0.236111 0.005208 0.014815
2 0.920833 0.275463 0.009375 0.019444
2 0.912240 0.260185 0.007812 0.018519
2 0.932813 0.264815 0.006250 0.014815
2 0.940365 0.273148 0.008854 0.018519
2 0.954688 0.277315 0.006250 0.019444
2 0.962240 0.293981 0.008854 0.023148
2 0.217188 0.256019 0.007292 0.015741
2 0.291146 0.218519 0.006250 0.014815
2 0.300521 0.225000 0.007292 0.018519
2 0.362240 0.197222 0.005729 0.012963
2 0.387240 0.202315 0.006771 0.015741
2 0.416667 0.184722 0.005208 0.012037
2 0.454948 0.186111 0.005729 0.012963
2 0.508594 0.179630 0.006771 0.012963
2 0.532813 0.176389 0.004167 0.012037
