2 0.291667 0.380093 0.038542 0.097222
2 0.169792 0.244444 0.011458 0.027778
2 0.094271 0.294907 0.014583 0.032407
2 0.154167 0.277315 0.017708 0.036111
2 0.216667 0.272685 0.019792 0.043519
2 0.256771 0.285648 0.023958 0.056481
2 0.265365 0.221296 0.010937 0.029630
2 0.352865 0.213889 0.015104 0.037037
2 0.635938 0.298148 0.033333 0.075926
2 0.446615 0.221296 0.019271 0.042593
2 0.017969 0.325926 0.013021 0.031481
0 0.016146 0.290278 0.007292 0.015741
0 0.037240 0.272222 0.006771 0.011111
0 0.051562 0.259722 0.005208 0.012037
0 0.052865 0.283333 0.007812 0.022222
0 0.060937 0.285648 0.008333 0.019444
0 0.062240 0.272222 0.006771 0.012963
0 0.075521 0.261111 0.006250 0.016667
0 0.085938 0.248611 0.005208 0.012037
0 0.094010 0.242130 0.005729 0.012037
0 0.060417 0.255093 0.004167 0.010185
0 0.102344 0.236574 0.004687 0.010185
