1 0.939583 0.337500 0.014583 0.041667
1 0.915365 0.298148 0.014063 0.033333
1 0.883333 0.294907 0.016667 0.037963
1 0.858333 0.291204 0.018750 0.043519
1 0.864323 0.372685 0.024479 0.069444
1 0.961979 0.426852 0.026042 0.070370
1 0.680729 0.209259 0.011458 0.020370
1 0.654948 0.206019 0.013021 0.028704
1 0.696094 0.207407 0.010937 0.025926
1 0.736979 0.211574 0.010417 0.025000
1 0.752865 0.216667 0.011979 0.018519
1 0.781510 0.220833 0.009896 0.021296
1 0.830208 0.232870 0.009375 0.023148
1 0.427344 0.241667 0.020313 0.046296
2 0.836458 0.431019 0.040625 0.102778
2 0.319792 0.390741 0.040625 0.092593
2 0.460417 0.200463 0.011458 0.028704
2 0.479948 0.178704 0.008854 0.022222
2 0.490104 0.167593 0.007292 0.016667
2 0.570833 0.169444 0.007292 0.018519
2 0.590104 0.181944 0.009375 0.023148
2 0.620573 0.206944 0.013021 0.032407
