2 0.389062 0.262500 0.016667 0.043519
2 0.350781 0.331019 0.027604 0.069444
2 0.209635 0.545370 0.045312 0.144444
2 0.935156 0.533333 0.051562 0.125926
2 0.743750 0.316204 0.031250 0.071296
2 0.647396 0.235648 0.019792 0.043519
2 0.589063 0.205556 0.014583 0.037037
2 0.345833 0.175926 0.007292 0.016667
2 0.338021 0.187963 0.008333 0.016667
2 0.350000 0.200000 0.008333 0.020370
2 0.402865 0.142130 0.005729 0.013889
2 0.375521 0.158333 0.006250 0.016667
2 0.448177 0.144907 0.005729 0.015741
2 0.459115 0.169907 0.006771 0.019444
2 0.427344 0.162500 0.006771 0.015741
1 0.377865 0.220833 0.010937 0.028704
1 0.519010 0.183333 0.013021 0.025926
