2 0.222396 0.499537 0.063542 0.143519
2 0.839063 0.355093 0.029167 0.075000
2 0.519792 0.259722 0.026042 0.060185
2 0.586198 0.218519 0.015104 0.037037
2 0.557813 0.187963 0.010417 0.031481
2 0.650521 0.187037 0.010417 0.022222
2 0.559635 0.169907 0.008854 0.023148
2 0.493490 0.179630 0.009896 0.025926
2 0.485938 0.166204 0.007292 0.019444
2 0.785417 0.256481 0.016667 0.042593
2 0.738542 0.218981 0.014583 0.032407
2 0.421094 0.178241 0.009896 0.023148
2 0.436719 0.165741 0.008854 0.018519
2 0.322135 0.179630 0.008854 0.018519
2 0.312240 0.175926 0.006771 0.016667
2 0.367188 0.178241 0.009375 0.021296
2 0.402865 0.166667 0.006771 0.016667
