2 0.032292 0.821759 0.063542 0.204630
2 0.308073 0.415741 0.044271 0.094444
2 0.320833 0.193519 0.010417 0.024074
2 0.267969 0.189352 0.006771 0.017593
2 0.285938 0.170833 0.006250 0.013889
2 0.347396 0.168981 0.007292 0.015741
2 0.362500 0.208796 0.010417 0.028704
2 0.383073 0.234722 0.014063 0.034259
2 0.379688 0.276389 0.020833 0.052778
2 0.419271 0.169907 0.009375 0.021296
2 0.883333 0.454167 0.042708 0.108333
2 0.684896 0.264352 0.021875 0.054630
2 0.603646 0.216204 0.016667 0.039815
2 0.516406 0.184722 0.011979 0.028704
2 0.558333 0.196296 0.013542 0.033333
