1 0.461198 0.183796 0.010937 0.026852
1 0.624219 0.177778 0.009896 0.014815
1 0.603646 0.174537 0.010417 0.021296
1 0.636719 0.176389 0.007812 0.017593
1 0.669792 0.179630 0.008333 0.018519
1 0.683854 0.183796 0.009375 0.013889
1 0.679427 0.222222 0.013021 0.033333
1 0.718490 0.208796 0.009896 0.025000
1 0.706771 0.186111 0.008333 0.016667
1 0.725781 0.237500 0.015104 0.032407
1 0.744271 0.213889 0.011458 0.024074
1 0.746615 0.194907 0.007812 0.015741
1 0.773958 0.255556 0.014583 0.035185
1 0.766927 0.225463 0.011979 0.026852
1 0.776042 0.217593 0.009375 0.022222
1 0.814323 0.226852 0.009896 0.020370
1 0.835417 0.280556 0.013542 0.033333
1 0.837240 0.254167 0.010937 0.026852
2 0.485417 0.154167 0.005208 0.012037
2 0.480469 0.160185 0.005729 0.018519
2 0.471615 0.170370 0.007812 0.020370
2 0.441146 0.214352 0.013542 0.034259
2 0.549219 0.155093 0.005729 0.012037
2 0.561719 0.161574 0.007812 0.017593
2 0.577604 0.174074 0.009375 0.020370
2 0.640625 0.224537 0.016667 0.039815
2 0.774740 0.353241 0.032813 0.084259
2 0.367708 0.320370 0.032292 0.072222
