0 0.959635 0.318519 0.006771 0.016667
0 0.944792 0.325926 0.013542 0.031481
0 0.991667 0.336111 0.008333 0.022222
0 0.909635 0.291667 0.008854 0.022222
0 0.897917 0.282870 0.007292 0.017593
2 0.862240 0.265278 0.006771 0.015741
2 0.851562 0.260185 0.006250 0.014815
2 0.822396 0.247222 0.007292 0.018519
2 0.771615 0.227315 0.006771 0.013889
2 0.779687 0.231481 0.007292 0.022222
2 0.731771 0.218519 0.006250 0.016667
2 0.701562 0.213426 0.006250 0.019444
2 0.660417 0.194907 0.007292 0.017593
2 0.684115 0.218056 0.009896 0.025000
2 0.688542 0.237037 0.012500 0.031481
2 0.625000 0.191204 0.006250 0.017593
2 0.592187 0.188426 0.007292 0.019444
2 0.557292 0.193056 0.008333 0.025000
2 0.519792 0.206481 0.012500 0.027778
2 0.453646 0.243519 0.020833 0.044444
2 0.717969 0.288889 0.020313 0.050000
2 0.847656 0.469444 0.044271 0.100000
2 0.313021 0.381019 0.042708 0.091667
