2 0.155469 0.202315 0.005729 0.012037
2 0.175521 0.187963 0.006250 0.011111
2 0.203646 0.186574 0.006250 0.013889
2 0.231510 0.172222 0.005729 0.011111
2 0.249479 0.174537 0.006250 0.013889
2 0.027083 0.250000 0.005208 0.011111
2 0.034896 0.254167 0.005208 0.012037
2 0.081250 0.222685 0.005208 0.010185
2 0.124479 0.206019 0.006250 0.012037
2 0.133594 0.514352 0.056771 0.128704
2 0.284635 0.167130 0.004687 0.013889
2 0.294792 0.158796 0.004167 0.010185
2 0.332552 0.161574 0.005729 0.013889
2 0.342708 0.153241 0.005208 0.012037
2 0.377344 0.156944 0.006771 0.015741
2 0.399479 0.147685 0.006250 0.013889
2 0.418750 0.155093 0.006250 0.015741
2 0.440365 0.145370 0.005729 0.014815
2 0.460938 0.155556 0.006250 0.016667
2 0.408333 0.266204 0.023958 0.058333
2 0.485417 0.219907 0.018750 0.039815
2 0.517708 0.158796 0.008333 0.017593
2 0.530990 0.150463 0.006771 0.015741
2 0.522656 0.207870 0.016146 0.034259
2 0.580990 0.156481 0.006771 0.016667
2 0.582031 0.201389 0.011979 0.030556
2 0.597917 0.167130 0.007292 0.019444
2 0.628125 0.199537 0.010417 0.026852
2 0.654948 0.168519 0.007812 0.016667
2 0.667448 0.202315 0.009896 0.023148
2 0.687240 0.186111 0.005729 0.018519
2 0.707812 0.206481 0.008333 0.022222
2 0.738542 0.211111 0.006250 0.018519
2 0.732552 0.200926 0.006771 0.018519
2 0.720833 0.184259 0.006250 0.016667
2 0.756510 0.212963 0.006771 0.018519
2 0.766667 0.199074 0.006250 0.016667
2 0.810677 0.218519 0.007812 0.016667
2 0.769792 0.248611 0.013542 0.030556
2 0.742708 0.251852 0.014583 0.037037
2 0.717969 0.275463 0.018229 0.043519
2 0.736979 0.335648 0.027083 0.065741
2 0.848177 0.538426 0.051562 0.128704
2 0.804167 0.252778 0.011458 0.025926
2 0.839323 0.234259 0.006771 0.018519
2 0.836719 0.257870 0.010937 0.025000
2 0.857552 0.247685 0.006771 0.017593
2 0.859896 0.262037 0.009375 0.020370
2 0.866667 0.258333 0.007292 0.018519
