2 0.382292 0.294444 0.033333 0.070370
2 0.776563 0.431019 0.037500 0.110185
2 0.804688 0.311111 0.022917 0.057407
2 0.592969 0.228241 0.020313 0.043519
2 0.863542 0.281481 0.014583 0.042593
2 0.892969 0.268519 0.010937 0.027778
2 0.885417 0.253241 0.009375 0.023148
2 0.834115 0.221759 0.007812 0.019444
2 0.710938 0.218519 0.012500 0.033333
2 0.773438 0.214352 0.009375 0.023148
2 0.764844 0.218056 0.009896 0.025000
2 0.757292 0.203704 0.007292 0.020370
2 0.769271 0.193519 0.007292 0.018519
2 0.714844 0.187963 0.007812 0.018519
2 0.662240 0.175463 0.007812 0.017593
2 0.675521 0.170370 0.005208 0.011111
2 0.621875 0.166204 0.007292 0.015741
2 0.648438 0.164815 0.005208 0.012963
2 0.586198 0.156481 0.005729 0.014815
