0 0.994792 0.357870 0.010417 0.030556
2 0.365104 0.319907 0.032292 0.075000
2 0.459115 0.227315 0.018229 0.041667
2 0.515885 0.194444 0.013021 0.027778
2 0.560937 0.188889 0.011458 0.024074
2 0.791667 0.384259 0.033333 0.079630
2 0.700260 0.266667 0.019271 0.044444
2 0.689844 0.230093 0.013021 0.026852
2 0.607292 0.189352 0.009375 0.023148
2 0.650781 0.194444 0.009896 0.022222
2 0.694271 0.204167 0.006250 0.021296
2 0.718229 0.225926 0.010417 0.025926
2 0.743490 0.218981 0.007812 0.015741
2 0.775000 0.237037 0.010417 0.025926
2 0.792188 0.236111 0.006250 0.016667
2 0.820833 0.252315 0.009375 0.023148
2 0.831771 0.252315 0.006250 0.017593
2 0.864062 0.271759 0.009375 0.019444
