2 0.950521 0.858333 0.092708 0.211111
2 0.273958 0.388889 0.038542 0.085185
2 0.266146 0.193056 0.007292 0.019444
2 0.279167 0.179630 0.005208 0.012963
2 0.292187 0.191667 0.007292 0.018519
2 0.316146 0.174537 0.005208 0.013889
2 0.321615 0.191667 0.007812 0.020370
2 0.344792 0.193981 0.010417 0.023148
2 0.347917 0.171759 0.005208 0.012037
2 0.359115 0.200463 0.010937 0.028704
2 0.386198 0.171296 0.006771 0.014815
2 0.430469 0.173611 0.008854 0.019444
2 0.485938 0.182407 0.010417 0.022222
2 0.372917 0.216667 0.012500 0.031481
2 0.370573 0.243519 0.016146 0.038889
2 0.345313 0.286574 0.022917 0.056481
2 0.521094 0.196296 0.013021 0.029630
2 0.580990 0.228704 0.017188 0.037037
2 0.630990 0.268981 0.025521 0.060185
2 0.717187 0.379630 0.038542 0.087037
