2 0.419271 0.257407 0.025000 0.057407
2 0.473438 0.206944 0.014583 0.037963
2 0.515365 0.184259 0.013021 0.029630
2 0.577344 0.168056 0.010937 0.021296
2 0.654167 0.168519 0.008333 0.020370
2 0.710938 0.172685 0.007292 0.019444
2 0.683594 0.208796 0.013021 0.034259
2 0.693490 0.233796 0.017188 0.045370
2 0.738542 0.193519 0.009375 0.024074
2 0.738542 0.291204 0.025000 0.065741
2 0.779167 0.197685 0.009375 0.019444
2 0.786719 0.186574 0.005729 0.015741
0 0.859896 0.219907 0.007292 0.015741
0 0.904167 0.248611 0.008333 0.021296
0 0.924219 0.243519 0.006771 0.020370
0 0.973437 0.301389 0.010417 0.030556
0 0.978125 0.280556 0.009375 0.020370
