2 0.381250 0.298148 0.031250 0.070370
2 0.398438 0.187500 0.010417 0.026852
2 0.394010 0.160648 0.006771 0.013889
2 0.425000 0.157407 0.007292 0.016667
2 0.432031 0.196296 0.013021 0.029630
2 0.474219 0.226852 0.015104 0.038889
2 0.342708 0.173148 0.007292 0.020370
2 0.350521 0.180556 0.009375 0.024074
2 0.366667 0.164352 0.006250 0.017593
2 0.534635 0.165741 0.005729 0.018519
2 0.514583 0.181019 0.010417 0.025000
2 0.479167 0.175463 0.008333 0.023148
2 0.453906 0.171759 0.007812 0.019444
2 0.489063 0.157407 0.006250 0.014815
2 0.504427 0.156481 0.005729 0.012963
2 0.563281 0.168056 0.006771 0.017593
2 0.580469 0.163889 0.006771 0.016667
2 0.564844 0.194907 0.013021 0.028704
2 0.784115 0.386111 0.028646 0.072222
2 0.610417 0.210648 0.014583 0.034259
2 0.655208 0.229630 0.015625 0.037037
2 0.703646 0.266667 0.019792 0.048148
