2 0.079948 0.627315 0.056771 0.136111
2 0.232292 0.374537 0.031250 0.076852
2 0.817708 0.468056 0.055208 0.132407
2 0.623177 0.278704 0.026562 0.059259
2 0.317708 0.232407 0.015625 0.037037
2 0.353646 0.188889 0.010417 0.024074
2 0.214062 0.191667 0.006250 0.014815
2 0.266927 0.169907 0.005729 0.013889
2 0.280208 0.173148 0.006250 0.016667
2 0.310156 0.168056 0.005729 0.015741
2 0.303646 0.161574 0.005208 0.013889
2 0.370573 0.161111 0.007812 0.018519
2 0.342969 0.154630 0.005729 0.014815
2 0.350260 0.162500 0.006771 0.017593
2 0.383854 0.148148 0.006250 0.014815
2 0.420833 0.146759 0.006250 0.015741
2 0.382552 0.170370 0.007812 0.020370
2 0.460156 0.147685 0.006771 0.017593
2 0.482812 0.151852 0.006250 0.016667
2 0.497917 0.162500 0.007292 0.021296
2 0.503385 0.179167 0.009896 0.025000
2 0.526302 0.203704 0.015104 0.035185
2 0.057813 0.246759 0.006250 0.013889
2 0.076302 0.243056 0.006771 0.015741
1 0.140885 0.218519 0.006771 0.016667
1 0.169010 0.201852 0.006771 0.014815
