2 0.920833 0.604630 0.062500 0.166667
2 0.347917 0.367130 0.042708 0.099074
2 0.834115 0.326389 0.023438 0.067593
2 0.565365 0.241667 0.022396 0.053704
2 0.630208 0.198148 0.009375 0.031481
2 0.626042 0.209722 0.013542 0.034259
2 0.605469 0.169907 0.007812 0.021296
2 0.601042 0.184722 0.010417 0.025000
2 0.535417 0.162500 0.007292 0.019444
2 0.542188 0.174074 0.010417 0.022222
2 0.689063 0.189815 0.010417 0.022222
2 0.804688 0.254167 0.014583 0.039815
2 0.769271 0.222222 0.012500 0.031481
2 0.473958 0.168981 0.009375 0.021296
2 0.488542 0.159722 0.007292 0.015741
2 0.423438 0.168056 0.008333 0.019444
2 0.455990 0.157870 0.007812 0.015741
2 0.437240 0.156019 0.007812 0.015741
2 0.380208 0.167130 0.007292 0.015741
2 0.368490 0.164352 0.006771 0.013889
