2 0.400521 0.280556 0.030208 0.062963
2 0.769792 0.366204 0.025000 0.067593
2 0.626042 0.206481 0.013542 0.031481
2 0.666667 0.226852 0.013542 0.035185
2 0.709635 0.259722 0.018229 0.043519
2 0.491146 0.218056 0.015625 0.037963
2 0.453125 0.190278 0.012500 0.026852
2 0.421094 0.181019 0.010937 0.025000
2 0.374740 0.174074 0.007812 0.020370
2 0.368750 0.166204 0.006250 0.017593
2 0.392188 0.157870 0.006250 0.015741
2 0.448958 0.153704 0.006250 0.014815
2 0.476042 0.168519 0.007292 0.016667
2 0.500000 0.173148 0.009375 0.018519
2 0.534115 0.178241 0.008854 0.023148
2 0.582292 0.193056 0.011458 0.023148
