2 0.038281 0.837500 0.075521 0.206481
2 0.159896 0.465278 0.038542 0.102778
2 0.083073 0.438426 0.031771 0.080556
2 0.190885 0.569444 0.049479 0.140741
2 0.009635 0.308333 0.007812 0.018519
2 0.055729 0.279630 0.007292 0.018519
2 0.092188 0.279167 0.009375 0.023148
2 0.115104 0.283796 0.010417 0.026852
2 0.175260 0.276852 0.014063 0.035185
2 0.257552 0.263426 0.018229 0.037963
2 0.362240 0.247685 0.020313 0.041667
2 0.675000 0.284722 0.025000 0.054630
2 0.479427 0.247222 0.020313 0.046296
2 0.822135 0.358796 0.032813 0.073148
2 0.104948 0.265278 0.006771 0.017593
2 0.126562 0.251852 0.005208 0.016667
2 0.149479 0.240741 0.006250 0.014815
2 0.163281 0.228704 0.005729 0.012963
2 0.182292 0.226389 0.005208 0.012037
