2 0.257031 0.425000 0.049479 0.111111
2 0.447917 0.245370 0.020833 0.046296
2 0.889583 0.556019 0.048958 0.128704
2 0.510938 0.206481 0.012500 0.029630
2 0.023958 0.236574 0.007292 0.017593
2 0.056250 0.218519 0.007292 0.016667
2 0.070833 0.210185 0.006250 0.014815
2 0.558594 0.189352 0.010937 0.023148
2 0.598958 0.189352 0.008333 0.019444
2 0.641146 0.192593 0.008333 0.018519
2 0.681771 0.198611 0.008333 0.019444
2 0.693750 0.240741 0.014583 0.033333
2 0.724479 0.291204 0.021875 0.052778
2 0.702865 0.221759 0.009896 0.025000
2 0.721615 0.209722 0.006771 0.017593
2 0.733854 0.223148 0.009375 0.024074
2 0.769010 0.224074 0.005729 0.014815
2 0.788802 0.237037 0.007812 0.022222
2 0.816146 0.242130 0.005208 0.015741
2 0.834635 0.252778 0.007812 0.018519
2 0.855990 0.260648 0.005729 0.015741
0 0.930208 0.300926 0.006250 0.016667
0 0.970833 0.331481 0.009375 0.025926
0 0.977604 0.330556 0.004167 0.014815
