2 0.044792 0.559259 0.056250 0.142593
2 0.847917 0.770370 0.087500 0.214815
2 0.435677 0.247685 0.024479 0.054630
2 0.600521 0.216667 0.015625 0.037037
2 0.716927 0.339352 0.029687 0.078704
2 0.707292 0.219444 0.011458 0.029630
2 0.767448 0.285185 0.018229 0.048148
2 0.835417 0.276852 0.012500 0.035185
2 0.872656 0.273611 0.009896 0.025000
2 0.759375 0.224537 0.008333 0.023148
2 0.769531 0.224074 0.008854 0.020370
2 0.829948 0.235185 0.007812 0.016667
2 0.671354 0.183333 0.006250 0.014815
2 0.634896 0.173148 0.006250 0.014815
2 0.661198 0.174537 0.006771 0.012037
