1 0.732031 0.204630 0.009896 0.024074
1 0.851302 0.239352 0.010937 0.025000
2 0.671615 0.159259 0.004687 0.016667
2 0.616667 0.156481 0.006250 0.014815
2 0.653125 0.165741 0.007292 0.014815
2 0.675260 0.174074 0.006771 0.014815
2 0.701302 0.185185 0.007812 0.018519
2 0.629427 0.255093 0.021354 0.045370
2 0.708594 0.256019 0.018229 0.039815
2 0.054167 0.495833 0.047917 0.125000
2 0.218490 0.362037 0.038021 0.079630
2 0.386979 0.279630 0.025000 0.059259
2 0.514583 0.255093 0.025000 0.052778
2 0.755990 0.188426 0.006771 0.017593
2 0.799479 0.207870 0.007292 0.021296
2 0.747656 0.221296 0.009896 0.025926
2 0.752604 0.243056 0.012500 0.030556
2 0.737500 0.249074 0.014583 0.035185
2 0.750000 0.581481 0.051042 0.170370
2 0.816927 0.448611 0.036979 0.112037
2 0.891927 0.269907 0.013021 0.028704
2 0.958333 0.369444 0.013542 0.048148
2 0.948438 0.336111 0.015625 0.042593
2 0.930729 0.305556 0.014583 0.037037
2 0.943229 0.401852 0.022917 0.070370
2 0.914583 0.406944 0.028125 0.075000
