2 0.179688 0.497222 0.050000 0.114815
2 0.337760 0.280093 0.020313 0.052778
2 0.320833 0.222222 0.013542 0.033333
2 0.319531 0.323611 0.027604 0.065741
2 0.228125 0.191667 0.008333 0.020370
2 0.248438 0.197685 0.009375 0.023148
2 0.271354 0.200000 0.011458 0.027778
2 0.292187 0.205093 0.013542 0.030556
2 0.683073 0.305093 0.029687 0.069444
2 0.617448 0.249074 0.021354 0.048148
2 0.562240 0.223611 0.017188 0.041667
2 0.526302 0.206481 0.014063 0.035185
2 0.386979 0.174537 0.009375 0.023148
2 0.424740 0.180556 0.011979 0.027778
2 0.478906 0.192593 0.014063 0.029630
1 0.312240 0.160648 0.005729 0.012037
