1 0.372396 0.241204 0.017708 0.041667
1 0.577344 0.193056 0.016146 0.036111
2 0.685417 0.253241 0.027083 0.058333
2 0.033854 0.842593 0.066667 0.196296
2 0.298438 0.392593 0.036458 0.090741
2 0.345313 0.307407 0.026042 0.061111
2 0.806510 0.360185 0.041146 0.094444
2 0.362500 0.176389 0.009375 0.019444
2 0.364063 0.196759 0.011458 0.025000
2 0.376563 0.161111 0.007292 0.018519
2 0.414062 0.142130 0.007292 0.015741
2 0.470313 0.150463 0.007292 0.019444
2 0.475260 0.143519 0.006771 0.016667
2 0.502865 0.165278 0.010937 0.025000
2 0.497396 0.130093 0.008333 0.017593
2 0.520312 0.117593 0.007292 0.014815
