2 0.961198 0.768056 0.077604 0.217593
2 0.270313 0.362037 0.035417 0.085185
2 0.389844 0.250000 0.022396 0.050000
2 0.493490 0.207870 0.017188 0.032407
2 0.607812 0.193056 0.013542 0.028704
2 0.638542 0.273611 0.025000 0.062037
2 0.651563 0.235648 0.016667 0.043519
2 0.704167 0.359722 0.040625 0.089815
2 0.701562 0.224074 0.014583 0.033333
2 0.721615 0.201389 0.009896 0.025000
2 0.799740 0.212037 0.008854 0.022222
2 0.802865 0.235185 0.011979 0.029630
2 0.832292 0.218056 0.010417 0.019444
2 0.847396 0.219444 0.006250 0.016667
2 0.885938 0.251389 0.011458 0.026852
2 0.925260 0.256944 0.009896 0.025000
2 0.937500 0.258333 0.008333 0.018519
