2 0.141927 0.496759 0.053646 0.134259
2 0.797135 0.589352 0.064062 0.162037
2 0.668490 0.270833 0.019271 0.052778
2 0.680990 0.338889 0.031771 0.079630
2 0.656510 0.211111 0.011979 0.031481
2 0.644010 0.192593 0.009896 0.025926
2 0.622917 0.178241 0.009375 0.021296
2 0.502083 0.187037 0.011458 0.031481
2 0.551042 0.160185 0.008333 0.018519
2 0.593750 0.168056 0.008333 0.021296
2 0.472396 0.206944 0.015625 0.034259
2 0.474219 0.160185 0.008854 0.018519
2 0.461979 0.153704 0.007292 0.014815
2 0.447396 0.158796 0.008333 0.015741
2 0.417708 0.235648 0.022917 0.050926
2 0.303906 0.322222 0.034896 0.079630
2 0.227083 0.183333 0.007292 0.020370
