1 0.913542 0.790741 0.085417 0.188889
1 0.738021 0.444444 0.038542 0.107407
1 0.505990 0.382870 0.039062 0.095370
1 0.344271 0.357870 0.039583 0.082407
1 0.972917 0.381944 0.022917 0.056481
1 0.963802 0.321296 0.016146 0.037037
1 0.869531 0.297685 0.017188 0.041667
1 0.831771 0.337963 0.025000 0.059259
1 0.778646 0.297685 0.023958 0.050926
1 0.864323 0.259722 0.013021 0.030556
1 0.729948 0.263426 0.021354 0.045370
1 0.768750 0.237037 0.014583 0.031481
1 0.786198 0.218056 0.010937 0.025000
1 0.703125 0.200926 0.012500 0.024074
1 0.693490 0.239815 0.018229 0.038889
1 0.662240 0.218056 0.015104 0.032407
1 0.635417 0.202778 0.014583 0.029630
1 0.617188 0.189352 0.011458 0.025000
1 0.422917 0.197222 0.013542 0.029630
1 0.439583 0.166204 0.009375 0.021296
