2 0.048698 0.905556 0.096354 0.188889
2 0.940365 0.568981 0.057813 0.154630
2 0.198958 0.560648 0.054167 0.139815
2 0.238281 0.374537 0.030729 0.073148
2 0.233073 0.313426 0.024479 0.054630
2 0.213542 0.273148 0.014583 0.037037
2 0.238542 0.245370 0.013542 0.031481
2 0.275000 0.221296 0.011458 0.029630
2 0.308073 0.209259 0.010937 0.024074
2 0.357552 0.195370 0.009896 0.020370
2 0.406250 0.185185 0.008333 0.020370
2 0.411979 0.217593 0.013542 0.037037
2 0.426042 0.201389 0.012500 0.028704
2 0.446875 0.228704 0.016667 0.044444
2 0.745573 0.379167 0.041146 0.097222
2 0.470573 0.193519 0.011979 0.027778
2 0.457552 0.179167 0.009896 0.021296
2 0.507031 0.239815 0.019271 0.050000
2 0.611979 0.287037 0.031250 0.066667
2 0.525521 0.171759 0.007292 0.017593
2 0.501823 0.175000 0.008854 0.020370
2 0.540885 0.187500 0.009896 0.026852
2 0.564323 0.186111 0.010937 0.027778
2 0.608854 0.182870 0.009375 0.023148
2 0.634115 0.178704 0.008854 0.022222
1 0.645833 0.161111 0.006250 0.014815
