2 0.329688 0.336111 0.037500 0.083333
2 0.482292 0.230556 0.020833 0.048148
2 0.567969 0.206481 0.016146 0.031481
2 0.640365 0.200463 0.010937 0.025000
2 0.713021 0.203704 0.010417 0.022222
2 0.717969 0.285648 0.020313 0.056481
2 0.759115 0.429630 0.040104 0.112963
2 0.735417 0.255093 0.015625 0.041667
2 0.767188 0.240741 0.011458 0.031481
2 0.804948 0.239352 0.009896 0.025000
2 0.798438 0.218056 0.007292 0.019444
2 0.861198 0.251852 0.008854 0.022222
2 0.852344 0.235648 0.006771 0.019444
2 0.904167 0.267593 0.007292 0.018519
2 0.953906 0.285648 0.006771 0.019444
