2 0.375781 0.273611 0.021354 0.056481
2 0.434375 0.216667 0.016667 0.035185
2 0.469010 0.186574 0.009896 0.023148
2 0.490885 0.170833 0.007812 0.017593
2 0.502865 0.166204 0.006771 0.015741
2 0.519010 0.162963 0.005729 0.016667
2 0.582812 0.177778 0.007292 0.018519
2 0.596094 0.193056 0.010937 0.026852
2 0.627865 0.227315 0.016146 0.039815
2 0.819531 0.418981 0.043229 0.102778
2 0.673958 0.284722 0.023958 0.062037
2 0.551302 0.160185 0.005729 0.012963
2 0.589844 0.169907 0.005729 0.015741
0 0.986979 0.453241 0.026042 0.075000
0 0.973698 0.343056 0.016146 0.039815
0 0.852344 0.299537 0.019271 0.039815
0 0.729688 0.188426 0.005208 0.012037
0 0.738281 0.195833 0.005729 0.013889
0 0.749740 0.206481 0.006771 0.016667
0 0.767188 0.221296 0.008333 0.022222
0 0.796615 0.246759 0.013021 0.028704
0 0.792708 0.208333 0.007292 0.014815
0 0.813542 0.221296 0.007292 0.016667
0 0.842969 0.242593 0.009896 0.020370
0 0.766406 0.192130 0.004687 0.013889
0 0.778385 0.198611 0.005729 0.013889
