2 0.884115 0.668519 0.074479 0.185185
2 0.118490 0.512037 0.064062 0.144444
2 0.412760 0.250463 0.025521 0.056481
2 0.564844 0.202315 0.017188 0.034259
2 0.634635 0.196759 0.013021 0.028704
2 0.694271 0.201389 0.009375 0.023148
2 0.728646 0.256019 0.017708 0.047222
2 0.716146 0.324074 0.025000 0.072222
2 0.715365 0.188426 0.005729 0.012037
2 0.725260 0.193519 0.005729 0.014815
2 0.737240 0.200000 0.006771 0.016667
2 0.739844 0.208333 0.006771 0.016667
2 0.781771 0.205556 0.006250 0.014815
2 0.759635 0.244907 0.015104 0.036111
2 0.796615 0.242593 0.010937 0.029630
0 0.850521 0.243519 0.007292 0.018519
0 0.872917 0.255556 0.007292 0.016667
0 0.876563 0.276389 0.010417 0.025000
0 0.947396 0.304167 0.008333 0.021296
0 0.973437 0.312037 0.007292 0.022222
0 0.988542 0.356019 0.013542 0.032407
