2 0.195573 0.205556 0.006771 0.018519
2 0.106250 0.219907 0.006250 0.013889
2 0.111458 0.225926 0.007292 0.016667
2 0.259115 0.191204 0.009896 0.021296
2 0.290365 0.177315 0.006771 0.019444
2 0.306771 0.187500 0.009375 0.017593
2 0.354427 0.293519 0.029687 0.068519
2 0.359635 0.182407 0.009896 0.025926
2 0.395833 0.186574 0.011458 0.026852
2 0.439844 0.200000 0.011979 0.033333
2 0.445573 0.228241 0.016146 0.043519
2 0.425260 0.171759 0.008854 0.019444
2 0.483073 0.176389 0.008854 0.023148
2 0.565625 0.197685 0.010417 0.028704
2 0.640365 0.244907 0.019271 0.045370
2 0.808854 0.737500 0.083333 0.241667
2 0.667188 0.371296 0.035417 0.096296
