2 0.200521 0.235648 0.008333 0.019444
2 0.183594 0.247685 0.008854 0.025000
2 0.168490 0.268056 0.010937 0.028704
2 0.152865 0.306019 0.017188 0.045370
2 0.143490 0.354630 0.022396 0.062963
2 0.161719 0.455093 0.041146 0.108333
2 0.125521 0.804630 0.090625 0.225926
2 0.299219 0.204630 0.007812 0.022222
2 0.312240 0.218519 0.010937 0.027778
2 0.322917 0.225000 0.013542 0.031481
2 0.351042 0.231944 0.014583 0.039815
2 0.409115 0.241667 0.020313 0.042593
2 0.470313 0.261574 0.020833 0.058333
2 0.806771 0.409722 0.042708 0.106481
2 0.567969 0.292593 0.030729 0.070370
