2 0.019010 0.577315 0.036979 0.113889
2 0.028385 0.306481 0.016146 0.038889
2 0.050260 0.357870 0.022396 0.056481
2 0.185156 0.234722 0.013021 0.036111
2 0.189844 0.308333 0.024479 0.057407
2 0.189844 0.390278 0.036979 0.086111
2 0.265104 0.312037 0.030208 0.066667
2 0.760417 0.479630 0.054167 0.124074
2 0.689583 0.318981 0.031250 0.075000
2 0.623177 0.255556 0.024479 0.053704
2 0.554948 0.222685 0.022396 0.043519
2 0.482292 0.200000 0.020833 0.038889
2 0.293229 0.203704 0.013542 0.033333
2 0.399740 0.191667 0.016146 0.037037
