2 0.298438 0.321296 0.034375 0.077778
2 0.443750 0.227778 0.018750 0.038889
2 0.516927 0.205093 0.014063 0.030556
2 0.555990 0.195833 0.011979 0.026852
2 0.594271 0.192130 0.009375 0.025000
2 0.634375 0.188426 0.010417 0.021296
2 0.699219 0.273148 0.018229 0.051852
2 0.919010 0.671296 0.066146 0.161111
2 0.748698 0.370833 0.033854 0.080556
2 0.740625 0.222222 0.011458 0.027778
2 0.721094 0.229167 0.013021 0.032407
2 0.706250 0.193519 0.007292 0.016667
2 0.755469 0.200463 0.006771 0.015741
2 0.710677 0.241667 0.014063 0.037037
1 0.676302 0.190278 0.009896 0.021296
1 0.770052 0.218519 0.010937 0.024074
2 0.794010 0.218981 0.008854 0.021296
2 0.807552 0.213889 0.006771 0.014815
2 0.823177 0.225000 0.009896 0.020370
2 0.855208 0.234722 0.008333 0.017593
2 0.884635 0.245370 0.007812 0.020370
2 0.921615 0.260185 0.007812 0.018519
2 0.959375 0.276852 0.007292 0.018519
