2 0.935417 0.796759 0.082292 0.241667
2 0.089323 0.543519 0.046354 0.114815
2 0.346875 0.256944 0.016667 0.041667
2 0.344010 0.224537 0.013021 0.032407
2 0.329167 0.210648 0.010417 0.026852
2 0.315365 0.203704 0.009896 0.024074
2 0.299219 0.200000 0.008854 0.024074
2 0.304167 0.312037 0.026042 0.059259
2 0.252083 0.197685 0.006250 0.017593
2 0.259896 0.181019 0.006250 0.013889
2 0.327344 0.173148 0.006771 0.018519
2 0.599740 0.233333 0.018229 0.046296
2 0.409896 0.172685 0.009375 0.021296
2 0.441927 0.175463 0.008854 0.025000
2 0.474479 0.182407 0.011458 0.025926
2 0.522396 0.196759 0.014583 0.032407
2 0.683333 0.309722 0.031250 0.073148
