2 0.351562 0.330556 0.039583 0.090741
2 0.472917 0.231019 0.022917 0.054630
2 0.534635 0.201852 0.016146 0.038889
2 0.602344 0.155556 0.006771 0.014815
2 0.627865 0.190278 0.010937 0.026852
2 0.636719 0.162500 0.006771 0.017593
2 0.658594 0.169444 0.007812 0.016667
2 0.762240 0.404630 0.039062 0.107407
2 0.704688 0.280556 0.021875 0.061111
2 0.682292 0.180556 0.007292 0.020370
2 0.676042 0.188889 0.008333 0.018519
2 0.701562 0.235648 0.015625 0.041667
2 0.718490 0.178241 0.008854 0.017593
2 0.728646 0.223148 0.013542 0.031481
2 0.761719 0.199537 0.007812 0.019444
2 0.776563 0.217130 0.009375 0.028704
