2 0.693750 0.487963 0.045833 0.127778
2 0.031250 0.512037 0.044792 0.101852
2 0.212500 0.193519 0.008333 0.018519
2 0.252083 0.175000 0.006250 0.016667
2 0.294531 0.176389 0.008854 0.021296
2 0.310417 0.247685 0.018750 0.047222
2 0.330729 0.172222 0.009375 0.022222
2 0.343490 0.157870 0.007812 0.017593
2 0.384375 0.168056 0.009375 0.023148
2 0.403646 0.195370 0.012500 0.031481
2 0.394010 0.153241 0.007812 0.019444
2 0.412760 0.181019 0.010937 0.026852
2 0.445833 0.150926 0.007292 0.018519
2 0.495312 0.153241 0.010417 0.021296
2 0.547135 0.163426 0.010937 0.023148
2 0.580990 0.178704 0.010937 0.029630
2 0.604427 0.207870 0.015104 0.034259
2 0.612240 0.266204 0.021354 0.054630
2 0.115104 0.214352 0.006250 0.015741
1 0.126042 0.218519 0.009375 0.020370
1 0.179688 0.194444 0.007292 0.016667
