2 0.161198 0.418519 0.038021 0.090741
2 0.394792 0.261574 0.023958 0.054630
2 0.757812 0.660648 0.054167 0.212037
2 0.488802 0.206481 0.013021 0.031481
2 0.540625 0.171296 0.007292 0.018519
2 0.522917 0.186111 0.011458 0.024074
2 0.638542 0.182407 0.007292 0.018519
2 0.653906 0.200000 0.010937 0.027778
2 0.669010 0.226852 0.014063 0.038889
2 0.696354 0.303241 0.025000 0.065741
1 0.550260 0.162963 0.006771 0.014815
1 0.643750 0.167130 0.006250 0.013889
1 0.665104 0.184722 0.008333 0.017593
1 0.669010 0.170370 0.005729 0.012963
1 0.687760 0.189815 0.008854 0.018519
1 0.695052 0.175463 0.005729 0.012037
1 0.710156 0.196759 0.008854 0.021296
1 0.739844 0.204630 0.007812 0.018519
1 0.730990 0.193056 0.006771 0.017593
1 0.769010 0.205556 0.007812 0.020370
1 0.782292 0.201389 0.006250 0.015741
