1 0.165365 0.478704 0.042188 0.109259
1 0.747656 0.398148 0.041146 0.096296
2 0.145833 0.237963 0.009375 0.020370
2 0.166667 0.234259 0.009375 0.022222
2 0.189844 0.233333 0.009896 0.022222
2 0.218490 0.232870 0.010937 0.025000
2 0.229167 0.202778 0.009375 0.020370
2 0.251563 0.239815 0.013542 0.029630
2 0.261719 0.197685 0.008854 0.019444
2 0.293490 0.195370 0.008854 0.022222
2 0.263542 0.254167 0.015625 0.036111
2 0.339323 0.193981 0.009896 0.023148
2 0.404687 0.199537 0.011458 0.030556
2 0.249219 0.301389 0.023438 0.052778
2 0.548438 0.250926 0.021875 0.055556
2 0.461458 0.212037 0.014583 0.033333
