2 0.171615 0.540278 0.059896 0.145370
2 0.443490 0.231019 0.016146 0.043519
2 0.689063 0.343981 0.031250 0.073148
2 0.548438 0.194444 0.013542 0.029630
2 0.630990 0.252778 0.020313 0.050000
2 0.618490 0.188889 0.010937 0.022222
2 0.676042 0.218056 0.012500 0.034259
2 0.676562 0.187963 0.007292 0.018519
2 0.720573 0.210185 0.009896 0.029630
2 0.738542 0.193056 0.007292 0.017593
2 0.760417 0.208333 0.009375 0.024074
2 0.808594 0.216204 0.007812 0.021296
2 0.858854 0.226389 0.006250 0.019444
2 0.888542 0.227778 0.007292 0.016667
2 0.921094 0.243981 0.007812 0.019444
0 0.813021 0.374537 0.034375 0.071296
0 0.969792 0.333796 0.017708 0.037963
0 0.890365 0.347685 0.025521 0.056481
