2 0.039062 0.282870 0.013542 0.030556
2 0.113021 0.255093 0.012500 0.032407
2 0.170313 0.238889 0.014583 0.031481
2 0.174740 0.216204 0.010937 0.026852
2 0.232292 0.231481 0.014583 0.040741
2 0.266146 0.196759 0.010417 0.025000
2 0.272917 0.238426 0.017708 0.045370
2 0.315885 0.281944 0.027604 0.065741
2 0.229167 0.493981 0.048958 0.143519
2 0.821094 0.499537 0.050521 0.141667
2 0.346615 0.189352 0.011979 0.030556
2 0.426042 0.193519 0.014583 0.037037
2 0.566667 0.241204 0.023958 0.058333
0 0.015885 0.263889 0.005729 0.014815
0 0.034115 0.248611 0.004687 0.012037
0 0.073438 0.237500 0.006250 0.015741
0 0.069271 0.254167 0.007292 0.019444
0 0.058594 0.254630 0.005729 0.016667
