2 0.139844 0.419907 0.045312 0.112037
2 0.424479 0.242593 0.023958 0.051852
2 0.553906 0.208333 0.016146 0.035185
2 0.495052 0.165278 0.008854 0.015741
2 0.507292 0.159722 0.006250 0.013889
2 0.550521 0.173148 0.007292 0.018519
2 0.596094 0.182870 0.009896 0.021296
2 0.604167 0.173148 0.006250 0.018519
2 0.614323 0.191667 0.008854 0.024074
2 0.607552 0.198148 0.010937 0.025926
2 0.734115 0.567130 0.036979 0.167593
2 0.686198 0.316667 0.025521 0.072222
2 0.725260 0.259722 0.015104 0.041667
2 0.672396 0.191667 0.007292 0.016667
2 0.728646 0.216667 0.009375 0.022222
2 0.741667 0.234259 0.010417 0.027778
2 0.414062 0.158333 0.006250 0.012963
2 0.452083 0.161111 0.007292 0.014815
2 0.479167 0.156019 0.006250 0.012037
