2 0.031510 0.274074 0.007812 0.018519
2 0.027865 0.306944 0.013021 0.028704
2 0.083594 0.256019 0.008854 0.021296
2 0.082292 0.290741 0.015625 0.037037
2 0.097917 0.257407 0.010417 0.022222
2 0.134115 0.244907 0.010937 0.025000
2 0.192188 0.230556 0.011458 0.027778
2 0.168490 0.266204 0.017188 0.039815
2 0.247396 0.261111 0.019792 0.046296
2 0.229687 0.366204 0.035417 0.089815
2 0.272135 0.289352 0.024479 0.062037
2 0.283594 0.210185 0.011979 0.029630
2 0.404167 0.202315 0.016667 0.036111
2 0.655208 0.325463 0.037500 0.084259
2 0.542448 0.234722 0.022396 0.050926
