0 0.883333 0.371296 0.026042 0.064815
0 0.969010 0.644444 0.052604 0.150000
2 0.103125 0.561574 0.056250 0.126852
2 0.011458 0.304167 0.011458 0.026852
2 0.052083 0.270370 0.009375 0.022222
2 0.114062 0.256481 0.011458 0.027778
2 0.171094 0.221759 0.009896 0.021296
2 0.198437 0.230093 0.012500 0.026852
2 0.276562 0.193981 0.009375 0.023148
2 0.269792 0.218519 0.012500 0.027778
2 0.290885 0.231481 0.015104 0.037037
2 0.289844 0.288889 0.022396 0.059259
2 0.396094 0.182407 0.011979 0.029630
2 0.475521 0.199074 0.015625 0.035185
