2 0.391667 0.186111 0.008333 0.020370
2 0.408854 0.177315 0.007292 0.015741
2 0.424479 0.170833 0.006250 0.015741
2 0.431771 0.168519 0.005208 0.012963
2 0.349479 0.224074 0.013542 0.027778
2 0.326302 0.280093 0.020313 0.047222
2 0.440625 0.165278 0.005208 0.012037
2 0.456250 0.161574 0.005208 0.012037
2 0.516146 0.206481 0.012500 0.029630
2 0.573177 0.239352 0.018229 0.039815
2 0.704688 0.328704 0.034375 0.070370
1 0.373698 0.198148 0.009896 0.020370
1 0.497135 0.189815 0.010937 0.022222
0 0.520833 0.175463 0.006250 0.017593
0 0.534375 0.162963 0.005208 0.012963
0 0.555990 0.171759 0.005729 0.015741
