2 0.012240 0.300000 0.007812 0.016667
2 0.061719 0.265741 0.007812 0.016667
2 0.072656 0.276852 0.006771 0.016667
2 0.094792 0.269907 0.007292 0.019444
2 0.118229 0.263889 0.008333 0.018519
2 0.144010 0.236574 0.006771 0.017593
2 0.149740 0.257870 0.008854 0.021296
2 0.041146 0.724537 0.071875 0.160185
2 0.175260 0.226852 0.007812 0.018519
2 0.186719 0.253704 0.011979 0.024074
2 0.153125 0.478241 0.040625 0.099074
2 0.972396 0.654630 0.055208 0.177778
2 0.206510 0.220370 0.008854 0.020370
2 0.205990 0.257870 0.010937 0.028704
2 0.216667 0.278241 0.014583 0.039815
2 0.250000 0.212037 0.008333 0.020370
2 0.681771 0.347685 0.040625 0.087963
2 0.309635 0.206481 0.008854 0.024074
2 0.359375 0.206944 0.009375 0.028704
2 0.424219 0.217593 0.014063 0.037037
1 0.214323 0.336574 0.022396 0.060185
1 0.533333 0.255556 0.023958 0.048148
