2 0.201823 0.635185 0.044271 0.175926
2 0.314323 0.409259 0.040104 0.098148
2 0.342969 0.329167 0.026562 0.075000
2 0.344792 0.280093 0.020833 0.054630
2 0.484115 0.181481 0.014063 0.031481
2 0.534115 0.196296 0.017188 0.038889
2 0.618490 0.231944 0.022396 0.049074
2 0.707292 0.280556 0.028125 0.062963
2 0.796615 0.350000 0.036979 0.085185
2 0.961198 0.510185 0.046354 0.120370
2 0.326562 0.233333 0.017708 0.044444
2 0.313021 0.218519 0.014583 0.037037
2 0.295833 0.206944 0.012500 0.030556
2 0.287240 0.193519 0.009896 0.024074
2 0.314844 0.179167 0.007812 0.017593
2 0.422135 0.168519 0.007812 0.024074
2 0.450260 0.156019 0.005729 0.015741
2 0.354427 0.169444 0.005729 0.016667
2 0.456771 0.151389 0.006250 0.013889
2 0.435937 0.147222 0.005208 0.011111
2 0.445312 0.146759 0.005208 0.012037
1 0.415885 0.151852 0.005729 0.012963
2 0.439323 0.172685 0.011979 0.028704
