2 0.961979 0.635185 0.062500 0.153704
2 0.204427 0.535648 0.055729 0.137963
2 0.410677 0.269444 0.023438 0.055556
2 0.714323 0.297222 0.025521 0.061111
2 0.461198 0.204167 0.014063 0.030556
2 0.486979 0.169907 0.007292 0.019444
2 0.494792 0.162037 0.005208 0.014815
2 0.571354 0.164815 0.006250 0.016667
2 0.584115 0.175926 0.007812 0.018519
2 0.631510 0.215741 0.014063 0.033333
1 0.477865 0.180556 0.008854 0.024074
1 0.640365 0.179167 0.007812 0.017593
1 0.608594 0.176852 0.008854 0.018519
1 0.671875 0.182407 0.007292 0.016667
1 0.667708 0.215278 0.013542 0.028704
1 0.707552 0.228241 0.014063 0.026852
1 0.708854 0.205556 0.010417 0.022222
1 0.735156 0.212037 0.009896 0.022222
1 0.745573 0.197222 0.006771 0.016667
1 0.748698 0.243056 0.013021 0.028704
1 0.801562 0.261574 0.012500 0.034259
1 0.814323 0.245833 0.013021 0.025000
1 0.802604 0.225926 0.009375 0.020370
