2 0.854167 0.495833 0.047917 0.112037
2 0.201563 0.494907 0.051042 0.115741
2 0.379688 0.276389 0.020833 0.050926
2 0.447396 0.218056 0.012500 0.032407
2 0.491146 0.200000 0.011458 0.027778
2 0.539583 0.188889 0.009375 0.020370
2 0.680208 0.281019 0.021875 0.050926
2 0.634115 0.223611 0.011979 0.030556
2 0.651042 0.201852 0.011458 0.022222
2 0.675260 0.198148 0.008854 0.020370
2 0.631510 0.187963 0.006771 0.012963
2 0.604688 0.186111 0.006250 0.016667
2 0.579948 0.187963 0.006771 0.016667
2 0.717708 0.199537 0.007292 0.017593
1 0.699219 0.190278 0.005729 0.015741
1 0.752865 0.201389 0.006771 0.017593
