2 0.225781 0.207407 0.006771 0.016667
2 0.258333 0.211111 0.009375 0.022222
2 0.307552 0.242130 0.016146 0.036111
2 0.315885 0.183796 0.007812 0.015741
2 0.258073 0.404630 0.035937 0.088889
2 0.320312 0.291667 0.019792 0.053704
2 0.354687 0.184259 0.008333 0.018519
2 0.409115 0.187037 0.009896 0.022222
2 0.646615 0.247685 0.020313 0.043519
2 0.864062 0.414815 0.039583 0.085185
2 0.538281 0.206481 0.014063 0.031481
2 0.487240 0.196296 0.013021 0.025926
0 0.298177 0.173611 0.005729 0.012037
1 0.294271 0.180556 0.007292 0.016667
1 0.214583 0.200926 0.006250 0.016667
