2 0.284896 0.406019 0.043750 0.117593
2 0.779167 0.436111 0.052083 0.118519
2 0.429688 0.212963 0.015625 0.044444
2 0.484896 0.178704 0.014583 0.031481
2 0.526563 0.166204 0.010417 0.025000
2 0.561198 0.157407 0.009896 0.024074
2 0.617969 0.190741 0.011979 0.031481
2 0.622396 0.222222 0.017708 0.042593
2 0.630729 0.179167 0.009375 0.025000
2 0.651563 0.170370 0.008333 0.020370
2 0.625260 0.156944 0.007812 0.019444
2 0.679167 0.169907 0.007292 0.019444
2 0.665104 0.159259 0.006250 0.014815
2 0.677344 0.155556 0.005729 0.014815
2 0.730990 0.170833 0.007812 0.019444
