2 0.026042 0.615278 0.051042 0.134259
2 0.184115 0.380556 0.032813 0.077778
2 0.332813 0.243056 0.017708 0.036111
2 0.029167 0.329630 0.007292 0.018519
2 0.109115 0.263889 0.004687 0.012963
2 0.151042 0.247685 0.005208 0.017593
2 0.189062 0.226389 0.005208 0.012037
2 0.202865 0.226389 0.005729 0.012037
2 0.896094 0.530556 0.048438 0.135185
2 0.692969 0.343056 0.032813 0.071296
2 0.434375 0.200463 0.009375 0.025000
2 0.526823 0.186111 0.009896 0.022222
2 0.591667 0.180556 0.007292 0.016667
2 0.608594 0.212500 0.011979 0.030556
2 0.613542 0.253241 0.017708 0.045370
2 0.630990 0.181944 0.006771 0.013889
2 0.640625 0.200000 0.009375 0.020370
2 0.673438 0.200463 0.007292 0.019444
2 0.655990 0.182870 0.006771 0.015741
2 0.694531 0.190278 0.005729 0.013889
2 0.705469 0.201389 0.007812 0.017593
2 0.727865 0.195370 0.005729 0.014815
2 0.748177 0.207870 0.006771 0.017593
2 0.758594 0.201852 0.006771 0.014815
1 0.061719 0.288426 0.007812 0.017593
1 0.084115 0.282407 0.008854 0.018519
2 0.782813 0.215741 0.007292 0.016667
