2 0.684115 0.347222 0.040104 0.092593
2 0.195052 0.466667 0.040104 0.103704
2 0.203125 0.315741 0.020833 0.051852
2 0.214583 0.228241 0.010417 0.026852
2 0.231510 0.212500 0.009896 0.019444
2 0.257292 0.199537 0.007292 0.015741
2 0.307552 0.179167 0.006771 0.015741
2 0.329167 0.189352 0.007292 0.021296
2 0.335677 0.196759 0.007812 0.025000
2 0.341146 0.181944 0.008333 0.019444
2 0.444010 0.239352 0.018229 0.045370
2 0.366927 0.173148 0.006771 0.016667
2 0.378125 0.163426 0.006250 0.013889
2 0.412240 0.163426 0.006771 0.015741
2 0.464323 0.156481 0.006771 0.014815
2 0.525781 0.153241 0.005729 0.013889
2 0.445573 0.152778 0.006771 0.014815
1 0.371354 0.209722 0.013542 0.030556
1 0.206250 0.259259 0.015625 0.033333
