2 0.960417 0.776389 0.071875 0.193519
2 0.616667 0.298611 0.034375 0.071296
2 0.519792 0.240741 0.026042 0.053704
2 0.449219 0.218519 0.020313 0.046296
2 0.383594 0.206481 0.015104 0.037037
2 0.214583 0.342593 0.031250 0.072222
2 0.220312 0.296759 0.020833 0.054630
2 0.183333 0.274074 0.019792 0.044444
2 0.097917 0.266204 0.013542 0.030556
2 0.118490 0.234722 0.010937 0.025000
2 0.147917 0.265278 0.015625 0.039815
2 0.140365 0.222685 0.009896 0.019444
2 0.177865 0.206944 0.008854 0.019444
2 0.217188 0.192593 0.007292 0.018519
2 0.241146 0.206481 0.009375 0.027778
2 0.276823 0.187037 0.008854 0.018519
2 0.271094 0.206019 0.011979 0.030556
2 0.296094 0.170833 0.007812 0.017593
2 0.315625 0.166204 0.006250 0.015741
2 0.315365 0.203704 0.013021 0.035185
2 0.330469 0.174537 0.005729 0.017593
2 0.348958 0.169444 0.008333 0.022222
