2 0.455469 0.163426 0.007812 0.013889
2 0.425521 0.169444 0.009375 0.018519
2 0.473438 0.172222 0.009375 0.020370
2 0.485677 0.164352 0.006771 0.015741
2 0.529948 0.167593 0.007812 0.016667
2 0.534896 0.179630 0.008333 0.020370
2 0.384115 0.167593 0.006771 0.014815
2 0.372396 0.163426 0.006250 0.013889
2 0.588281 0.189815 0.009896 0.022222
2 0.552083 0.228241 0.019792 0.043519
2 0.606250 0.209722 0.012500 0.030556
2 0.386719 0.295370 0.032813 0.077778
2 0.669792 0.195370 0.009375 0.018519
2 0.738281 0.224537 0.011979 0.028704
2 0.768229 0.294907 0.018750 0.050926
2 0.763802 0.249537 0.013021 0.032407
2 0.778646 0.425926 0.035417 0.107407
