2 0.138542 0.642130 0.061458 0.160185
2 0.084115 0.511574 0.045312 0.104630
2 0.043490 0.296759 0.010937 0.025000
2 0.109115 0.255093 0.008854 0.019444
2 0.885938 0.399074 0.030208 0.077778
2 0.621094 0.284259 0.025521 0.055556
2 0.473698 0.257870 0.023438 0.049074
2 0.187240 0.238889 0.009896 0.022222
2 0.203125 0.252778 0.012500 0.029630
2 0.261198 0.257407 0.015104 0.038889
2 0.350260 0.255093 0.020313 0.043519
2 0.159635 0.230093 0.006771 0.015741
2 0.205990 0.224074 0.007812 0.018519
2 0.230208 0.212963 0.006250 0.016667
2 0.244792 0.198611 0.006250 0.013889
2 0.254688 0.201852 0.007292 0.014815
2 0.272656 0.190741 0.005729 0.012963
2 0.212500 0.209722 0.005208 0.013889
2 0.289844 0.193056 0.005729 0.013889
