1 0.863542 0.239352 0.008333 0.025000
1 0.975260 0.288889 0.008854 0.024074
2 0.844010 0.222685 0.006771 0.017593
2 0.938021 0.257870 0.007292 0.021296
2 0.870573 0.260648 0.009896 0.023148
2 0.861198 0.264815 0.009896 0.027778
2 0.841667 0.262037 0.011458 0.029630
2 0.810937 0.257870 0.014583 0.036111
2 0.959115 0.365741 0.020313 0.051852
2 0.923698 0.353704 0.022396 0.055556
2 0.813542 0.327315 0.026042 0.063889
2 0.744792 0.245370 0.014583 0.035185
2 0.728646 0.326389 0.029167 0.075000
2 0.660937 0.229167 0.015625 0.037963
2 0.941667 0.739815 0.077083 0.200000
2 0.749219 0.451389 0.049479 0.123148
2 0.117188 0.509722 0.053125 0.123148
2 0.294531 0.320833 0.033854 0.078704
2 0.411719 0.253241 0.026562 0.058333
2 0.485417 0.231019 0.023958 0.049074
