2 0.154167 0.455556 0.051042 0.107407
2 0.351823 0.278241 0.027604 0.058333
2 0.421094 0.237037 0.023438 0.046296
2 0.815365 0.585185 0.057813 0.144444
2 0.722917 0.346759 0.029167 0.075000
2 0.509375 0.214815 0.018750 0.037037
2 0.571615 0.204167 0.014063 0.034259
2 0.621094 0.200463 0.010937 0.030556
2 0.669010 0.201389 0.010937 0.025000
2 0.734115 0.278241 0.019271 0.050926
2 0.761198 0.260185 0.018229 0.038889
2 0.796615 0.255556 0.014063 0.033333
2 0.829167 0.257407 0.013542 0.031481
2 0.851562 0.256944 0.010417 0.025000
2 0.839063 0.236111 0.010417 0.020370
2 0.814844 0.218981 0.007812 0.023148
2 0.780990 0.202315 0.008854 0.019444
2 0.694792 0.188426 0.007292 0.023148
2 0.704167 0.202778 0.010417 0.022222
2 0.724219 0.201852 0.007812 0.022222
2 0.729167 0.182407 0.007292 0.018519
2 0.641146 0.176389 0.010417 0.019444
2 0.676562 0.168056 0.008333 0.017593
2 0.601042 0.156019 0.009375 0.015741
2 0.535417 0.161574 0.009375 0.019444
2 0.011719 0.259259 0.006771 0.018519
2 0.038542 0.253704 0.008333 0.016667
2 0.067187 0.230556 0.007292 0.014815
2 0.091667 0.228241 0.006250 0.017593
2 0.197917 0.181019 0.006250 0.015741
2 0.232813 0.182407 0.007292 0.018519
2 0.249219 0.168056 0.007812 0.015741
2 0.282813 0.170833 0.007292 0.021296
2 0.312240 0.156944 0.007812 0.013889
2 0.328646 0.165278 0.009375 0.019444
2 0.357292 0.150926 0.008333 0.016667
2 0.375260 0.160185 0.009896 0.020370
2 0.406771 0.147685 0.008333 0.017593
2 0.440365 0.157870 0.010937 0.023148
2 0.459115 0.145370 0.007812 0.018519
2 0.515365 0.148611 0.010937 0.019444
