2 0.076042 0.272685 0.015625 0.032407
2 0.115365 0.307870 0.020313 0.050926
2 0.127344 0.446759 0.043229 0.099074
2 0.224740 0.216667 0.014063 0.031481
2 0.247135 0.271296 0.023438 0.050000
2 0.261198 0.330556 0.033854 0.070370
2 0.321615 0.276389 0.023438 0.056481
2 0.324740 0.193981 0.013021 0.030556
2 0.801042 0.675000 0.073958 0.179630
2 0.424219 0.188426 0.016146 0.032407
2 0.499740 0.197685 0.017188 0.036111
2 0.564583 0.220833 0.020833 0.041667
2 0.624219 0.246296 0.022396 0.048148
2 0.720052 0.399074 0.051562 0.096296
2 0.676302 0.296296 0.027604 0.062963
