2 0.188802 0.372222 0.036979 0.077778
2 0.816146 0.505093 0.045833 0.113889
2 0.468750 0.237037 0.021875 0.042593
2 0.584635 0.213889 0.013021 0.031481
2 0.639062 0.207407 0.012500 0.025926
2 0.670833 0.207407 0.010417 0.024074
2 0.721354 0.215741 0.010417 0.024074
2 0.691927 0.182407 0.007812 0.016667
2 0.707812 0.179630 0.006250 0.014815
2 0.763281 0.224074 0.008854 0.022222
2 0.757292 0.270370 0.014583 0.038889
2 0.738542 0.301852 0.019792 0.051852
2 0.783073 0.259259 0.014063 0.029630
2 0.799740 0.233333 0.007812 0.022222
2 0.827344 0.264815 0.010937 0.027778
2 0.863802 0.272685 0.010937 0.026852
2 0.839323 0.246759 0.007812 0.019444
2 0.833333 0.230556 0.006250 0.016667
2 0.750521 0.192130 0.006250 0.015741
2 0.759115 0.202315 0.006771 0.015741
2 0.646354 0.172222 0.007292 0.012963
2 0.632031 0.162963 0.005729 0.012963
2 0.612240 0.165278 0.005729 0.012037
2 0.892188 0.264352 0.007292 0.019444
2 0.904167 0.286111 0.009375 0.022222
2 0.914583 0.258796 0.006250 0.015741
2 0.940625 0.302778 0.008333 0.022222
2 0.972135 0.314352 0.006771 0.021296
2 0.952604 0.281481 0.007292 0.016667
