2 0.291667 0.434259 0.042708 0.120370
2 0.329167 0.204167 0.010417 0.025000
2 0.357812 0.206481 0.014583 0.031481
2 0.413281 0.214815 0.017188 0.037037
2 0.368229 0.170833 0.008333 0.015741
2 0.531510 0.234259 0.023438 0.048148
2 0.295833 0.189815 0.007292 0.014815
2 0.355469 0.182870 0.008854 0.017593
2 0.203125 0.254630 0.015625 0.035185
2 0.219010 0.275926 0.018229 0.046296
2 0.235156 0.215741 0.009896 0.018519
2 0.278125 0.305093 0.027083 0.067593
2 0.750521 0.340741 0.036458 0.081481
2 0.471615 0.159259 0.007812 0.016667
2 0.416146 0.169907 0.008333 0.015741
2 0.503125 0.154630 0.008333 0.012963
