2 0.224219 0.497222 0.059896 0.135185
2 0.518490 0.261574 0.027604 0.056481
2 0.586719 0.218056 0.015104 0.037963
2 0.589063 0.202778 0.011458 0.033333
2 0.557813 0.188889 0.011458 0.027778
2 0.840365 0.355556 0.028646 0.075926
2 0.785417 0.256944 0.016667 0.043519
2 0.739062 0.219907 0.013542 0.032407
2 0.649740 0.187037 0.009896 0.022222
2 0.559635 0.169907 0.007812 0.021296
2 0.493490 0.179167 0.009896 0.026852
2 0.486719 0.167130 0.007812 0.019444
2 0.421094 0.177778 0.009896 0.024074
2 0.436719 0.165741 0.007812 0.016667
2 0.402865 0.166667 0.007812 0.016667
2 0.367448 0.177778 0.008854 0.022222
2 0.322396 0.179167 0.007292 0.019444
2 0.312240 0.175463 0.007812 0.017593
2 0.331510 0.168519 0.006771 0.012963
2 0.384375 0.165278 0.006250 0.015741
