2 0.158073 0.477315 0.044271 0.108333
2 0.165625 0.366667 0.031250 0.068519
2 0.212240 0.382407 0.033854 0.081481
2 0.179948 0.268519 0.016146 0.031481
2 0.103646 0.293056 0.012500 0.028704
2 0.087240 0.380093 0.023438 0.062037
2 0.270313 0.242130 0.014583 0.036111
2 0.038021 0.316667 0.010417 0.027778
2 0.004687 0.324074 0.007292 0.022222
2 0.009896 0.313426 0.005208 0.015741
2 0.055990 0.274074 0.005729 0.014815
2 0.365365 0.220370 0.016146 0.037037
2 0.512240 0.218056 0.019271 0.039815
2 0.609896 0.239352 0.022917 0.049074
2 0.714063 0.295833 0.027083 0.063889
2 0.785417 0.355556 0.038542 0.081481
2 0.894792 0.518519 0.052083 0.122222
