2 0.170052 0.455556 0.047396 0.105556
2 0.329948 0.267130 0.022396 0.049074
2 0.333594 0.219907 0.016146 0.034259
2 0.311458 0.208796 0.012500 0.028704
2 0.322135 0.187963 0.009896 0.022222
2 0.246354 0.217593 0.011458 0.024074
2 0.221354 0.210648 0.009375 0.021296
2 0.507031 0.193056 0.014063 0.032407
2 0.433854 0.177315 0.010417 0.026852
2 0.168229 0.242130 0.011458 0.021296
2 0.107813 0.254167 0.007292 0.017593
2 0.070573 0.281019 0.009896 0.021296
1 0.026042 0.288889 0.008333 0.018519
0 0.876042 0.351389 0.026042 0.069444
0 0.904687 0.564352 0.050000 0.134259
