2 0.182292 0.450926 0.055208 0.118519
2 0.445833 0.260648 0.028125 0.062037
2 0.884896 0.703241 0.079167 0.186111
2 0.764062 0.368056 0.032292 0.087963
2 0.798698 0.305556 0.024479 0.059259
2 0.624740 0.221296 0.018229 0.042593
2 0.768750 0.232407 0.012500 0.033333
2 0.851562 0.251852 0.010417 0.025926
2 0.879687 0.253704 0.008333 0.024074
2 0.905469 0.311574 0.017188 0.045370
2 0.980990 0.327778 0.013021 0.035185
2 0.971094 0.286574 0.007812 0.017593
2 0.941667 0.262500 0.006250 0.015741
2 0.888542 0.253704 0.008333 0.020370
