1 0.858854 0.544444 0.050000 0.133333
1 0.240104 0.443519 0.046875 0.103704
2 0.448698 0.245370 0.020313 0.046296
2 0.513281 0.212963 0.015104 0.037037
2 0.571094 0.199537 0.011979 0.030556
2 0.706250 0.286111 0.020833 0.055556
2 0.690885 0.248611 0.015104 0.041667
2 0.654948 0.198611 0.009896 0.023148
2 0.710417 0.233796 0.012500 0.034259
2 0.750781 0.231481 0.013021 0.029630
2 0.759635 0.214815 0.007812 0.016667
2 0.817448 0.241667 0.009896 0.024074
2 0.894010 0.266667 0.009896 0.024074
2 0.855729 0.241667 0.009375 0.022222
2 0.943490 0.277315 0.008854 0.021296
2 0.982812 0.306944 0.008333 0.021296
