2 0.718750 0.334259 0.027083 0.077778
2 0.762760 0.600926 0.067187 0.166667
2 0.155208 0.440741 0.042708 0.094444
2 0.427083 0.261574 0.022917 0.049074
2 0.531771 0.220833 0.015625 0.036111
2 0.506771 0.167593 0.006250 0.014815
2 0.518229 0.164352 0.005208 0.012037
2 0.567448 0.170833 0.006771 0.013889
2 0.716667 0.268981 0.017708 0.045370
2 0.669792 0.202778 0.009375 0.020370
2 0.636198 0.207870 0.011979 0.028704
2 0.758073 0.209722 0.007812 0.019444
2 0.725000 0.195370 0.007292 0.016667
2 0.615625 0.176852 0.007292 0.014815
2 0.592187 0.169444 0.005208 0.012963
0 0.864844 0.270833 0.014063 0.028704
0 0.794531 0.259722 0.011979 0.030556
0 0.954688 0.353704 0.016667 0.046296
1 0.461198 0.161574 0.005729 0.012037
1 0.438021 0.165741 0.007292 0.014815
