2 0.199740 0.361574 0.039062 0.082407
2 0.382292 0.254630 0.026042 0.051852
2 0.488542 0.228241 0.020833 0.045370
2 0.855990 0.810185 0.090104 0.198148
2 0.493490 0.173611 0.008854 0.019444
2 0.521615 0.164815 0.006771 0.014815
2 0.547135 0.180556 0.009896 0.022222
2 0.576042 0.219444 0.018750 0.040741
2 0.573958 0.172222 0.009375 0.018519
2 0.615885 0.193056 0.009896 0.025000
2 0.624219 0.181019 0.007812 0.017593
2 0.643490 0.219444 0.014063 0.031481
2 0.655990 0.204630 0.010937 0.025926
2 0.674219 0.218519 0.014063 0.027778
2 0.676042 0.193519 0.007292 0.016667
2 0.729167 0.206019 0.008333 0.021296
2 0.801823 0.234259 0.010937 0.022222
2 0.840365 0.255556 0.009896 0.024074
2 0.834115 0.302778 0.017188 0.044444
2 0.794792 0.306019 0.020833 0.050926
2 0.866146 0.274074 0.010417 0.029630
2 0.869010 0.299537 0.015104 0.039815
2 0.746875 0.319907 0.029167 0.056481
2 0.709635 0.344444 0.028646 0.070370
2 0.707812 0.436574 0.047917 0.104630
2 0.419531 0.165741 0.008854 0.018519
2 0.481771 0.158333 0.005208 0.012963
2 0.390885 0.159259 0.005729 0.012963
1 0.038281 0.270833 0.007812 0.017593
