2 0.578385 0.240278 0.017188 0.045370
2 0.612240 0.280093 0.024479 0.063889
2 0.568229 0.168519 0.006250 0.014815
2 0.539844 0.167593 0.006771 0.016667
2 0.517448 0.168056 0.006771 0.017593
2 0.490885 0.168056 0.005729 0.017593
2 0.450260 0.189352 0.009896 0.023148
2 0.417187 0.205093 0.011458 0.028704
2 0.377083 0.228241 0.013542 0.037963
2 0.335156 0.258333 0.017188 0.046296
2 0.287500 0.308796 0.026042 0.060185
2 0.147656 0.468981 0.045312 0.113889
2 0.711719 0.369444 0.041146 0.094444
2 0.869271 0.624537 0.069792 0.178704
