2 0.796354 0.482870 0.052083 0.139815
2 0.091667 0.539352 0.054167 0.134259
2 0.236719 0.317130 0.026562 0.073148
2 0.263281 0.239352 0.017188 0.045370
2 0.236198 0.217593 0.011979 0.031481
2 0.197135 0.218056 0.010937 0.026852
2 0.239844 0.190741 0.006771 0.018519
2 0.222135 0.191204 0.005729 0.013889
2 0.263281 0.177778 0.005729 0.012963
2 0.305729 0.176389 0.009375 0.023148
2 0.153385 0.226852 0.007812 0.020370
2 0.585938 0.245370 0.028125 0.062963
2 0.380208 0.172685 0.012500 0.026852
2 0.478906 0.187037 0.018229 0.038889
