2 0.327865 0.160648 0.006771 0.017593
2 0.354167 0.147685 0.006250 0.015741
2 0.371875 0.155556 0.007292 0.018519
2 0.397135 0.145833 0.006771 0.013889
2 0.417448 0.154167 0.006771 0.017593
2 0.444010 0.144907 0.005729 0.015741
2 0.428385 0.243056 0.021354 0.047222
2 0.479167 0.218981 0.018750 0.039815
2 0.479167 0.156481 0.009375 0.020370
2 0.494271 0.146296 0.007292 0.016667
2 0.308333 0.334722 0.034375 0.076852
2 0.550521 0.207870 0.015625 0.032407
2 0.547917 0.150926 0.007292 0.016667
2 0.566927 0.162963 0.008854 0.024074
2 0.603385 0.201852 0.013021 0.031481
2 0.647135 0.202315 0.010937 0.026852
2 0.627344 0.162500 0.007812 0.017593
2 0.664323 0.182407 0.007812 0.020370
2 0.690104 0.204167 0.010417 0.025000
2 0.715104 0.197685 0.007292 0.021296
2 0.722917 0.208333 0.008333 0.022222
2 0.740104 0.210185 0.008333 0.020370
2 0.748177 0.192593 0.005729 0.016667
2 0.698698 0.178241 0.006771 0.017593
2 0.778125 0.430093 0.038542 0.097222
2 0.727865 0.311111 0.022396 0.055556
2 0.744010 0.269907 0.015104 0.039815
2 0.769271 0.257870 0.014583 0.034259
2 0.857812 0.262963 0.010417 0.024074
2 0.848958 0.246759 0.009375 0.021296
2 0.835156 0.262500 0.010937 0.028704
2 0.802344 0.257870 0.013021 0.028704
2 0.795573 0.212500 0.007812 0.019444
2 0.827604 0.230556 0.009375 0.020370
