2 0.358333 0.316667 0.031250 0.088889
2 0.446615 0.200463 0.016146 0.037963
2 0.493490 0.172222 0.010937 0.027778
2 0.529948 0.163889 0.009896 0.024074
2 0.562240 0.156019 0.008854 0.023148
2 0.615625 0.209722 0.015625 0.037963
2 0.726042 0.342130 0.038542 0.086111
2 0.613021 0.185185 0.010417 0.029630
2 0.625260 0.175000 0.009896 0.022222
2 0.622135 0.157870 0.005729 0.015741
2 0.645312 0.169444 0.008333 0.020370
2 0.671615 0.169907 0.007812 0.017593
2 0.722917 0.170833 0.005208 0.017593
2 0.660417 0.157870 0.005208 0.013889
