2 0.116146 0.555556 0.057292 0.138889
2 0.908333 0.612963 0.065625 0.164815
2 0.622917 0.268056 0.023958 0.056481
2 0.299479 0.306019 0.025000 0.063889
2 0.326823 0.242130 0.014063 0.037963
2 0.336719 0.218981 0.010937 0.026852
2 0.385417 0.190278 0.007292 0.021296
2 0.527083 0.191204 0.009375 0.021296
2 0.500781 0.192130 0.008854 0.023148
2 0.487760 0.198148 0.010937 0.024074
2 0.521615 0.212037 0.013021 0.033333
2 0.470313 0.179630 0.007292 0.016667
2 0.597656 0.193981 0.009896 0.021296
2 0.582031 0.180556 0.006771 0.016667
2 0.710156 0.209259 0.008854 0.020370
2 0.680729 0.193056 0.007292 0.017593
