2 0.324740 0.349074 0.036979 0.081481
2 0.395052 0.235648 0.022396 0.050926
2 0.433073 0.193519 0.015104 0.037037
2 0.457292 0.181019 0.013542 0.030556
2 0.492188 0.169444 0.011458 0.025926
2 0.517188 0.164352 0.010417 0.021296
2 0.543750 0.160185 0.008333 0.024074
2 0.582292 0.155093 0.008333 0.017593
2 0.610417 0.152315 0.006250 0.017593
2 0.613542 0.205556 0.014583 0.040741
2 0.622917 0.186111 0.011458 0.031481
2 0.653385 0.248148 0.021354 0.048148
2 0.778646 0.377315 0.041667 0.095370
2 0.647917 0.149074 0.007292 0.018519
2 0.651563 0.177778 0.011458 0.025926
2 0.674219 0.171759 0.009896 0.023148
2 0.676042 0.147685 0.006250 0.017593
2 0.700000 0.170370 0.008333 0.018519
2 0.726042 0.170370 0.008333 0.016667
2 0.751823 0.168981 0.006771 0.019444
2 0.769010 0.168981 0.005729 0.015741
2 0.698958 0.148611 0.006250 0.015741
