2 0.117188 0.467593 0.045833 0.111111
2 0.326042 0.285648 0.029167 0.056481
2 0.456771 0.231019 0.020833 0.041667
2 0.541146 0.218519 0.017708 0.037037
2 0.542448 0.176852 0.008854 0.018519
2 0.472917 0.166667 0.007292 0.016667
2 0.590885 0.185185 0.009896 0.018519
2 0.615365 0.180093 0.007812 0.015741
2 0.653646 0.198148 0.009375 0.020370
2 0.615365 0.218519 0.014063 0.031481
2 0.676042 0.219444 0.012500 0.031481
2 0.662240 0.191204 0.006771 0.015741
2 0.689844 0.209722 0.008854 0.026852
2 0.704948 0.220370 0.009896 0.025926
2 0.712240 0.218056 0.007812 0.025000
2 0.759896 0.215278 0.007292 0.021296
2 0.718490 0.306019 0.019271 0.054630
2 0.703646 0.349537 0.035417 0.069444
2 0.768490 0.493056 0.048438 0.115741
2 0.752344 0.293519 0.021354 0.046296
2 0.799219 0.293056 0.017188 0.043519
2 0.839063 0.293056 0.017708 0.041667
2 0.827865 0.243056 0.007812 0.019444
2 0.862240 0.260648 0.008854 0.026852
2 0.876563 0.294907 0.012500 0.034259
2 0.887240 0.289352 0.009896 0.028704
2 0.038542 0.285648 0.009375 0.019444
2 0.084896 0.256019 0.008333 0.017593
1 0.113021 0.241204 0.007292 0.015741
1 0.051042 0.263426 0.007292 0.019444
