2 0.099740 0.891204 0.118229 0.217593
2 0.199740 0.541204 0.049479 0.147222
2 0.842969 0.438889 0.048438 0.114815
2 0.226042 0.398148 0.038542 0.094444
2 0.152344 0.356944 0.026562 0.067593
2 0.210417 0.249074 0.014583 0.031481
2 0.263542 0.241204 0.017708 0.036111
2 0.315365 0.241204 0.017188 0.041667
2 0.386198 0.239352 0.022396 0.043519
2 0.521615 0.248148 0.025521 0.055556
2 0.642188 0.295833 0.034375 0.073148
2 0.179167 0.253704 0.011458 0.027778
2 0.165365 0.252778 0.009896 0.025926
2 0.151042 0.249537 0.010417 0.023148
2 0.140365 0.246759 0.007812 0.021296
2 0.081250 0.346296 0.018750 0.046296
2 0.052865 0.334722 0.014063 0.039815
2 0.040365 0.329630 0.010937 0.031481
