2 0.069792 0.818056 0.084375 0.191667
2 0.227865 0.555556 0.038021 0.148148
2 0.207813 0.445370 0.045833 0.107407
2 0.134115 0.412500 0.040104 0.080556
2 0.035417 0.402778 0.026042 0.064815
2 0.886719 0.402778 0.035937 0.075926
2 0.735417 0.308333 0.026042 0.061111
2 0.535417 0.255556 0.020833 0.044444
2 0.417448 0.248611 0.021354 0.043519
2 0.313021 0.254630 0.017708 0.037037
2 0.229167 0.262037 0.015625 0.031481
2 0.172396 0.265278 0.012500 0.025000
2 0.148958 0.256481 0.010417 0.022222
2 0.011719 0.317593 0.010937 0.024074
2 0.069792 0.278704 0.008333 0.018519
2 0.115625 0.255093 0.006250 0.015741
2 0.163021 0.243056 0.008333 0.017593
2 0.184115 0.233796 0.006771 0.015741
2 0.207292 0.225000 0.009375 0.016667
2 0.194792 0.220833 0.008333 0.015741
2 0.221615 0.214352 0.007812 0.013889
2 0.239844 0.214352 0.006771 0.013889
2 0.265365 0.206019 0.007812 0.013889
2 0.272917 0.200463 0.004167 0.012037
