2 0.171615 0.556944 0.070312 0.158333
2 0.501563 0.268056 0.027083 0.062037
2 0.571875 0.221296 0.015625 0.038889
2 0.573438 0.206019 0.012500 0.034259
2 0.540365 0.192130 0.011979 0.028704
2 0.543490 0.172685 0.007812 0.019444
2 0.635938 0.189352 0.010417 0.025000
2 0.840365 0.365741 0.029687 0.077778
2 0.776563 0.258333 0.017708 0.044444
2 0.727344 0.220370 0.014063 0.033333
2 0.468229 0.169907 0.008333 0.019444
2 0.475260 0.184259 0.009896 0.024074
2 0.418490 0.169444 0.007812 0.018519
2 0.384635 0.170833 0.006771 0.017593
2 0.365365 0.170370 0.006771 0.018519
2 0.401562 0.182870 0.009375 0.025000
2 0.347135 0.185185 0.008854 0.018519
2 0.302865 0.185185 0.007812 0.018519
2 0.291927 0.183333 0.005729 0.014815
