2 0.123958 0.500926 0.058333 0.135185
2 0.831510 0.598148 0.066146 0.166667
2 0.747135 0.352778 0.028646 0.079630
2 0.776823 0.283796 0.018229 0.047222
2 0.736719 0.223148 0.014063 0.029630
2 0.793750 0.207870 0.006250 0.013889
2 0.430729 0.257870 0.026042 0.058333
2 0.611458 0.213889 0.015625 0.035185
2 0.825260 0.222222 0.005729 0.014815
2 0.843229 0.222685 0.005208 0.013889
2 0.834115 0.246296 0.010937 0.025926
2 0.849219 0.283796 0.014063 0.037963
2 0.866406 0.241204 0.006771 0.015741
2 0.874479 0.238889 0.006250 0.011111
2 0.888281 0.262963 0.008854 0.024074
2 0.903385 0.266667 0.008854 0.020370
2 0.985677 0.320833 0.009896 0.023148
2 0.969792 0.293981 0.007292 0.015741
2 0.930729 0.303241 0.011458 0.032407
2 0.920312 0.262500 0.006250 0.015741
