2 0.221354 0.218519 0.008333 0.020370
2 0.239583 0.220833 0.010417 0.025000
2 0.273698 0.226389 0.014063 0.032407
2 0.296615 0.248148 0.018229 0.048148
2 0.261198 0.355093 0.030729 0.086111
2 0.353385 0.187500 0.007812 0.021296
2 0.425000 0.189352 0.011458 0.026852
2 0.695312 0.306019 0.032292 0.075000
2 0.520573 0.209259 0.017188 0.037037
2 0.320052 0.189815 0.007812 0.018519
2 0.210417 0.216667 0.008333 0.018519
2 0.229427 0.206019 0.005729 0.015741
2 0.289323 0.187500 0.006771 0.013889
2 0.342187 0.181944 0.005208 0.015741
