2 0.058594 0.738426 0.080729 0.180556
2 0.205990 0.463426 0.043229 0.119444
2 0.210677 0.380093 0.030729 0.084259
2 0.109896 0.339352 0.021875 0.056481
2 0.029687 0.298611 0.008333 0.021296
2 0.022396 0.362500 0.016667 0.047222
2 0.045052 0.295370 0.009896 0.022222
2 0.063281 0.292593 0.009896 0.025926
2 0.080208 0.289815 0.011458 0.027778
2 0.114583 0.279630 0.011458 0.029630
2 0.167708 0.265278 0.013542 0.028704
2 0.217448 0.255093 0.014063 0.034259
2 0.278906 0.243056 0.016146 0.036111
2 0.386719 0.231019 0.019271 0.041667
2 0.471094 0.241667 0.023438 0.050000
2 0.587240 0.278704 0.030729 0.064815
2 0.763542 0.393519 0.045833 0.098148
