2 0.196615 0.503704 0.063021 0.140741
2 0.396615 0.267593 0.022396 0.053704
2 0.449740 0.205556 0.015104 0.029630
2 0.914062 0.590741 0.059375 0.153704
2 0.694010 0.282870 0.023438 0.058333
2 0.618490 0.212500 0.013021 0.030556
2 0.478906 0.172685 0.005729 0.019444
2 0.488021 0.163889 0.006250 0.014815
2 0.564063 0.165741 0.006250 0.016667
2 0.574740 0.174537 0.007812 0.019444
1 0.599740 0.175000 0.008854 0.018519
1 0.619792 0.178241 0.009375 0.013889
1 0.630990 0.177778 0.007812 0.016667
1 0.468750 0.181481 0.009375 0.024074
1 0.663542 0.180556 0.007292 0.014815
1 0.676562 0.181944 0.007292 0.012037
1 0.655469 0.210185 0.013021 0.029630
1 0.694792 0.220370 0.014583 0.027778
1 0.698698 0.200463 0.009896 0.019444
1 0.698438 0.183796 0.007292 0.015741
1 0.737240 0.193056 0.006771 0.015741
1 0.724740 0.206019 0.010937 0.023148
1 0.741667 0.216204 0.010417 0.023148
1 0.735417 0.234259 0.013542 0.031481
1 0.755990 0.209722 0.007812 0.021296
1 0.788021 0.250926 0.013542 0.031481
1 0.793490 0.218056 0.008854 0.019444
1 0.802865 0.237963 0.011979 0.025926
