2 0.042969 0.318056 0.016146 0.041667
2 0.240365 0.372685 0.038021 0.080556
2 0.385417 0.251852 0.018750 0.046296
2 0.444271 0.216204 0.016667 0.036111
2 0.466667 0.204630 0.014583 0.029630
2 0.489063 0.193519 0.012500 0.025926
2 0.519792 0.186111 0.009375 0.018519
2 0.543490 0.183333 0.007812 0.016667
2 0.571094 0.184259 0.006771 0.012963
2 0.592969 0.189352 0.005729 0.013889
2 0.619792 0.214352 0.009375 0.023148
2 0.628646 0.199537 0.005208 0.015741
2 0.675260 0.206481 0.004687 0.012963
2 0.642188 0.200463 0.005208 0.017593
0 0.659896 0.230556 0.010417 0.029630
0 0.683594 0.228241 0.009896 0.025000
0 0.721615 0.228241 0.006771 0.017593
0 0.765365 0.346759 0.023438 0.063889
0 0.785417 0.291204 0.015625 0.039815
0 0.746615 0.228704 0.006771 0.014815
0 0.763542 0.231019 0.006250 0.013889
0 0.782813 0.236574 0.004167 0.010185
0 0.792188 0.263889 0.010417 0.025926
0 0.802865 0.255556 0.006771 0.020370
0 0.810417 0.251852 0.007292 0.014815
0 0.829688 0.256944 0.004167 0.008333
0 0.817969 0.251852 0.004687 0.012963
1 0.260417 0.176389 0.007292 0.013889
