2 0.889844 0.650463 0.054688 0.143519
2 0.292969 0.352778 0.038021 0.085185
2 0.556771 0.242130 0.022917 0.050926
2 0.575260 0.172222 0.010937 0.022222
2 0.534115 0.157407 0.007812 0.020370
2 0.527865 0.152315 0.006771 0.019444
2 0.604688 0.184259 0.009375 0.024074
2 0.635417 0.212500 0.012500 0.030556
2 0.679167 0.187037 0.008333 0.022222
2 0.648438 0.176852 0.008333 0.018519
2 0.626302 0.168519 0.007812 0.018519
2 0.548958 0.146759 0.006250 0.015741
2 0.573698 0.149537 0.006771 0.015741
2 0.602865 0.153241 0.005729 0.013889
2 0.722917 0.205556 0.008333 0.025926
2 0.760417 0.226389 0.012500 0.030556
2 0.689583 0.176852 0.006250 0.014815
2 0.704167 0.179167 0.007292 0.017593
2 0.634896 0.157870 0.006250 0.013889
2 0.732031 0.185648 0.005729 0.013889
2 0.749740 0.185648 0.004687 0.013889
2 0.852344 0.362500 0.020313 0.058333
2 0.794271 0.249074 0.014583 0.031481
2 0.827344 0.282407 0.017188 0.038889
2 0.677865 0.165741 0.004687 0.012963
