0 0.988281 0.372685 0.018229 0.045370
0 0.942969 0.297685 0.005729 0.015741
0 0.927604 0.306944 0.012500 0.032407
0 0.879687 0.265278 0.006250 0.015741
0 0.891406 0.272222 0.008854 0.022222
0 0.974740 0.315741 0.009896 0.022222
2 0.233854 0.411574 0.043750 0.102778
2 0.814583 0.481019 0.051042 0.110185
2 0.660156 0.225000 0.013021 0.033333
2 0.678906 0.201389 0.007812 0.019444
2 0.672656 0.188889 0.007812 0.018519
2 0.708854 0.205093 0.005208 0.017593
2 0.684896 0.278704 0.018750 0.051852
2 0.637500 0.182870 0.006250 0.015741
2 0.600521 0.179630 0.007292 0.016667
2 0.408854 0.243519 0.020833 0.048148
2 0.486719 0.201389 0.013021 0.028704
2 0.529427 0.186111 0.008854 0.024074
2 0.567448 0.178241 0.007812 0.019444
2 0.759115 0.216204 0.006771 0.019444
2 0.751563 0.210185 0.005208 0.012963
