2 0.187240 0.447685 0.046354 0.106481
2 0.608594 0.333333 0.034896 0.072222
2 0.559115 0.255093 0.023438 0.047222
2 0.539323 0.220370 0.015104 0.033333
2 0.518750 0.200463 0.012500 0.028704
2 0.499219 0.188889 0.010937 0.024074
2 0.319792 0.275463 0.020833 0.049074
2 0.360417 0.231481 0.014583 0.037037
2 0.372917 0.212963 0.012500 0.029630
2 0.368490 0.191667 0.006771 0.018519
2 0.353646 0.186111 0.008333 0.018519
2 0.338542 0.183333 0.007292 0.016667
2 0.317188 0.182870 0.007292 0.015741
2 0.290365 0.184722 0.005729 0.013889
2 0.299740 0.176852 0.004687 0.011111
2 0.398438 0.168519 0.005208 0.012963
2 0.440365 0.171759 0.007812 0.015741
2 0.464844 0.178241 0.007812 0.019444
