0 0.867969 0.250463 0.007812 0.019444
0 0.955990 0.311111 0.013021 0.029630
0 0.938021 0.275463 0.009375 0.019444
2 0.198958 0.512500 0.056250 0.139815
2 0.893490 0.553241 0.055729 0.137963
2 0.750521 0.340741 0.033333 0.075926
2 0.379948 0.287037 0.027604 0.066667
2 0.501042 0.205556 0.016667 0.037037
2 0.701823 0.258333 0.019271 0.050000
2 0.609115 0.193519 0.013021 0.025926
2 0.677344 0.191667 0.009896 0.022222
2 0.749740 0.239352 0.015104 0.039815
2 0.784896 0.231019 0.010417 0.028704
2 0.678385 0.161574 0.005729 0.010185
2 0.729167 0.174537 0.006250 0.013889
2 0.769792 0.184722 0.006250 0.015741
2 0.762240 0.200926 0.007812 0.020370
2 0.798438 0.206019 0.007292 0.017593
2 0.806771 0.203704 0.006250 0.014815
2 0.881771 0.230556 0.006250 0.016667
2 0.863542 0.218519 0.007292 0.014815
1 0.640885 0.151389 0.005729 0.012037
1 0.620313 0.149537 0.006250 0.013889
