1 0.612760 0.187037 0.011979 0.027778
1 0.747135 0.225926 0.013021 0.031481
0 0.268490 0.209259 0.004687 0.012963
2 0.179167 0.419907 0.044792 0.099074
2 0.376042 0.268981 0.027083 0.054630
2 0.449740 0.228704 0.020313 0.044444
2 0.369792 0.197685 0.007292 0.013889
2 0.346094 0.194444 0.005729 0.012963
2 0.439323 0.181481 0.005729 0.012963
2 0.199740 0.256944 0.007812 0.017593
2 0.839323 0.577315 0.058854 0.139815
2 0.508594 0.208333 0.017188 0.037037
2 0.560937 0.192130 0.014583 0.028704
2 0.492969 0.171759 0.006771 0.013889
2 0.648438 0.184722 0.010417 0.023148
2 0.702865 0.190278 0.008854 0.021296
2 0.727344 0.278241 0.021354 0.050926
2 0.746094 0.341204 0.026562 0.073148
2 0.761719 0.200463 0.008854 0.019444
2 0.767188 0.219907 0.008333 0.025000
2 0.797396 0.223611 0.009375 0.025000
2 0.831250 0.232407 0.009375 0.022222
2 0.854688 0.229630 0.007292 0.018519
2 0.864323 0.243056 0.009896 0.023148
2 0.898438 0.247685 0.007292 0.017593
2 0.905990 0.261574 0.008854 0.021296
2 0.919531 0.251389 0.005729 0.013889
2 0.926562 0.258333 0.007292 0.016667
2 0.941406 0.264815 0.005729 0.016667
2 0.959635 0.266667 0.005729 0.012963
2 0.947917 0.280093 0.010417 0.019444
2 0.991146 0.282870 0.005208 0.012037
