2 0.643750 0.181481 0.009375 0.022222
2 0.617188 0.156019 0.007292 0.015741
2 0.640885 0.158333 0.005729 0.012963
2 0.596615 0.157870 0.007812 0.019444
2 0.669792 0.164815 0.007292 0.014815
2 0.728646 0.178241 0.004167 0.013889
2 0.744271 0.181019 0.004167 0.012037
2 0.701302 0.171759 0.005729 0.015741
2 0.745313 0.203241 0.008333 0.023148
2 0.755990 0.193056 0.006771 0.017593
2 0.770573 0.196759 0.005729 0.015741
2 0.786458 0.226389 0.010417 0.025000
2 0.671875 0.194444 0.009375 0.024074
2 0.628646 0.243519 0.022917 0.048148
2 0.394792 0.312963 0.033333 0.070370
2 0.915365 0.598148 0.045312 0.129630
2 0.904167 0.380093 0.020833 0.054630
2 0.886458 0.305556 0.015625 0.042593
2 0.856771 0.269907 0.013542 0.032407
2 0.823438 0.245833 0.012500 0.030556
2 0.797917 0.205093 0.007292 0.015741
2 0.815885 0.207407 0.005729 0.014815
