2 0.094010 0.850463 0.099479 0.234259
2 0.343490 0.339352 0.029687 0.080556
2 0.347917 0.249537 0.017708 0.043519
2 0.315365 0.230556 0.014063 0.031481
2 0.737760 0.303241 0.030729 0.069444
2 0.559896 0.215278 0.017708 0.037963
2 0.384896 0.196296 0.008333 0.020370
2 0.258333 0.215278 0.005208 0.015741
2 0.241667 0.224074 0.007292 0.016667
2 0.254688 0.226389 0.007292 0.019444
2 0.276042 0.227315 0.009375 0.023148
2 0.460417 0.195370 0.010417 0.025926
2 0.350260 0.199537 0.006771 0.017593
2 0.369792 0.191667 0.006250 0.014815
2 0.418750 0.183796 0.006250 0.015741
2 0.472135 0.171759 0.005729 0.012037
2 0.494792 0.178241 0.006250 0.013889
