2 0.809896 0.603704 0.061458 0.155556
2 0.212500 0.402315 0.034375 0.087963
2 0.550781 0.289815 0.027604 0.062963
2 0.292448 0.272685 0.019271 0.045370
2 0.320573 0.235648 0.015104 0.032407
2 0.265104 0.199074 0.007292 0.014815
2 0.236458 0.202778 0.005208 0.012963
2 0.244531 0.194907 0.005729 0.012037
2 0.272135 0.188426 0.004687 0.012037
2 0.318750 0.201852 0.007292 0.020370
2 0.302604 0.198611 0.007292 0.017593
2 0.305208 0.183333 0.005208 0.011111
2 0.287240 0.198611 0.006771 0.017593
2 0.342187 0.180093 0.007292 0.015741
2 0.384635 0.179167 0.006771 0.015741
2 0.503125 0.237963 0.018750 0.044444
2 0.484375 0.213426 0.014583 0.032407
2 0.463542 0.198611 0.011458 0.026852
2 0.444010 0.189352 0.009896 0.021296
2 0.409375 0.182870 0.008333 0.017593
