2 0.120313 0.216204 0.007292 0.019444
2 0.172917 0.200463 0.008333 0.019444
2 0.201563 0.182407 0.008333 0.018519
2 0.221615 0.190741 0.008854 0.016667
2 0.248438 0.172222 0.006250 0.018519
2 0.271094 0.179630 0.008854 0.020370
2 0.299479 0.163889 0.007292 0.018519
2 0.338021 0.170833 0.009375 0.021296
2 0.352865 0.157407 0.007812 0.016667
2 0.410938 0.154630 0.007292 0.018519
2 0.432292 0.163889 0.007292 0.018519
2 0.424740 0.216667 0.016146 0.037037
2 0.480469 0.201389 0.013021 0.030556
2 0.494271 0.154167 0.008333 0.017593
2 0.567708 0.157870 0.007292 0.017593
2 0.535937 0.168519 0.008333 0.018519
2 0.589063 0.177315 0.007292 0.021296
2 0.599740 0.187500 0.008854 0.023148
2 0.616667 0.185648 0.008333 0.021296
2 0.618490 0.167130 0.007812 0.017593
2 0.524219 0.193056 0.010937 0.028704
2 0.567708 0.190278 0.010417 0.025000
2 0.739844 0.223611 0.009896 0.021296
2 0.724740 0.204167 0.007812 0.019444
2 0.720313 0.226852 0.011458 0.025926
2 0.691667 0.227315 0.014583 0.030556
2 0.667188 0.180093 0.007292 0.017593
2 0.701042 0.191667 0.007292 0.020370
2 0.663542 0.236111 0.014583 0.033333
2 0.645312 0.254167 0.017708 0.043519
2 0.346615 0.249074 0.022396 0.046296
2 0.651823 0.313889 0.027604 0.064815
2 0.766667 0.484259 0.051042 0.118519
2 0.130469 0.493519 0.047396 0.125926
2 0.289844 0.293056 0.026562 0.060185
