0 0.983854 0.476389 0.032292 0.091667
0 0.939583 0.300463 0.013542 0.034259
0 0.851042 0.292593 0.017708 0.042593
0 0.777604 0.294907 0.027083 0.054630
2 0.373437 0.327778 0.033333 0.081481
2 0.689063 0.274074 0.019792 0.050000
2 0.654167 0.221759 0.014583 0.036111
2 0.502865 0.200463 0.014063 0.034259
2 0.586458 0.180556 0.011458 0.025926
2 0.647917 0.176852 0.009375 0.020370
2 0.694531 0.202778 0.011979 0.029630
2 0.701823 0.179167 0.005729 0.015741
2 0.736719 0.200463 0.009896 0.023148
2 0.759375 0.187500 0.007292 0.015741
2 0.774740 0.201852 0.008854 0.022222
2 0.871354 0.222685 0.008333 0.015741
2 0.822396 0.208796 0.008333 0.019444
2 0.978125 0.262500 0.007292 0.017593
2 0.932292 0.242593 0.007292 0.018519
