2 0.235417 0.207407 0.007292 0.018519
2 0.267188 0.212500 0.008333 0.023148
2 0.312760 0.243056 0.014063 0.032407
2 0.322135 0.285648 0.018229 0.049074
2 0.264323 0.374537 0.032813 0.082407
2 0.323177 0.187037 0.007812 0.014815
2 0.360677 0.189352 0.008854 0.019444
2 0.412760 0.192593 0.007812 0.020370
2 0.485417 0.201389 0.012500 0.025000
2 0.532552 0.211574 0.013021 0.030556
2 0.631250 0.250000 0.019792 0.042593
2 0.813281 0.388426 0.036979 0.080556
1 0.224479 0.201389 0.006250 0.013889
1 0.302083 0.183796 0.006250 0.015741
