1 0.440104 0.186111 0.011458 0.029630
1 0.579688 0.180556 0.010417 0.025926
2 0.050000 0.578704 0.055208 0.133333
2 0.306771 0.393981 0.043750 0.093519
2 0.468490 0.204630 0.014063 0.033333
2 0.477344 0.265278 0.022396 0.050926
2 0.445573 0.303704 0.033854 0.066667
2 0.232813 0.176389 0.005208 0.012037
2 0.256510 0.161111 0.004687 0.014815
2 0.258854 0.173611 0.006250 0.015741
2 0.286198 0.156944 0.004687 0.013889
2 0.292969 0.169907 0.006771 0.015741
2 0.315625 0.153241 0.005208 0.015741
2 0.335677 0.166667 0.006771 0.018519
2 0.356250 0.151852 0.007292 0.016667
2 0.362760 0.168519 0.006771 0.020370
2 0.396615 0.173611 0.008854 0.023148
2 0.411198 0.151389 0.006771 0.019444
2 0.455990 0.154167 0.008854 0.019444
2 0.510156 0.162037 0.009896 0.024074
2 0.893490 0.530556 0.046354 0.125926
2 0.810156 0.343519 0.022396 0.059259
2 0.757552 0.281481 0.021354 0.050000
2 0.707031 0.239815 0.019271 0.042593
2 0.641927 0.204167 0.014063 0.032407
2 0.490625 0.241204 0.016667 0.043519
