0 0.667969 0.297685 0.024479 0.056481
0 0.562240 0.216204 0.015104 0.034259
0 0.617188 0.206019 0.012500 0.028704
0 0.684896 0.262500 0.020833 0.043519
0 0.689063 0.199537 0.010417 0.021296
0 0.740365 0.246759 0.016146 0.037963
0 0.751042 0.197685 0.008333 0.019444
0 0.794792 0.233333 0.013542 0.027778
0 0.785417 0.198148 0.007292 0.016667
0 0.805990 0.198148 0.006771 0.016667
0 0.826042 0.199074 0.004167 0.014815
0 0.832292 0.224537 0.007292 0.019444
0 0.853646 0.220833 0.007292 0.019444
0 0.868490 0.220370 0.005729 0.014815
0 0.879167 0.218519 0.005208 0.012963
0 0.888021 0.217593 0.005208 0.011111
2 0.171615 0.495370 0.046354 0.125926
2 0.309115 0.272685 0.021354 0.056481
2 0.351042 0.198611 0.011458 0.030556
2 0.410938 0.173148 0.009375 0.018519
2 0.459896 0.160648 0.008333 0.019444
2 0.471615 0.191667 0.009896 0.027778
2 0.501563 0.215278 0.012500 0.036111
2 0.501563 0.171296 0.009375 0.024074
2 0.535417 0.166667 0.008333 0.016667
2 0.566667 0.160185 0.007292 0.018519
2 0.607292 0.157870 0.007292 0.017593
2 0.650521 0.161574 0.006250 0.015741
