0 0.966667 0.548148 0.047917 0.116667
0 0.786458 0.293056 0.023958 0.049074
0 0.730990 0.231481 0.011979 0.031481
0 0.705469 0.205556 0.007812 0.022222
0 0.691667 0.191204 0.007292 0.017593
0 0.682292 0.181944 0.005208 0.015741
0 0.629167 0.217130 0.010417 0.026852
0 0.627344 0.194907 0.010937 0.021296
0 0.676042 0.176852 0.004167 0.012963
0 0.671615 0.170370 0.003646 0.011111
2 0.180990 0.538426 0.054688 0.143519
2 0.376563 0.269444 0.020833 0.050000
2 0.421094 0.218056 0.014063 0.032407
2 0.436719 0.195370 0.010937 0.025926
2 0.430208 0.181019 0.007292 0.021296
2 0.530990 0.170833 0.006771 0.019444
2 0.538021 0.180093 0.010417 0.021296
2 0.561719 0.189815 0.009896 0.025926
2 0.589063 0.215741 0.014583 0.037037
2 0.523438 0.164352 0.005208 0.013889
