2 0.101823 0.558333 0.061979 0.151852
2 0.273438 0.391204 0.045833 0.108333
2 0.422396 0.263889 0.029167 0.062963
2 0.485938 0.223148 0.022917 0.050000
2 0.827865 0.523611 0.053646 0.137963
2 0.740365 0.340741 0.028646 0.072222
2 0.549219 0.195370 0.016146 0.037037
2 0.585938 0.183796 0.010417 0.028704
2 0.718490 0.269907 0.017188 0.052778
2 0.653646 0.162037 0.006250 0.016667
2 0.690365 0.173611 0.007812 0.019444
2 0.605469 0.156019 0.007812 0.019444
2 0.609115 0.176389 0.008854 0.023148
2 0.729167 0.194444 0.008333 0.022222
2 0.714063 0.182870 0.007292 0.019444
2 0.735938 0.225000 0.010417 0.029630
2 0.430990 0.140741 0.006771 0.018519
