2 0.105729 0.518056 0.054167 0.143519
2 0.252604 0.186111 0.008333 0.022222
2 0.310937 0.175463 0.007292 0.021296
2 0.317188 0.170370 0.007292 0.016667
2 0.345833 0.174537 0.009375 0.019444
2 0.362760 0.165741 0.007812 0.016667
2 0.099479 0.230556 0.009375 0.022222
2 0.082292 0.229630 0.007292 0.018519
2 0.126302 0.212963 0.007812 0.020370
2 0.174219 0.204630 0.009896 0.024074
2 0.219271 0.188889 0.007292 0.018519
2 0.699740 0.447222 0.050521 0.124074
2 0.301302 0.294444 0.028646 0.070370
2 0.373698 0.237500 0.017188 0.041667
2 0.401042 0.173611 0.010417 0.023148
2 0.376563 0.173611 0.009375 0.019444
2 0.410156 0.203241 0.014063 0.037963
2 0.461198 0.165278 0.007812 0.019444
2 0.508854 0.170370 0.009375 0.020370
2 0.544010 0.178704 0.010937 0.024074
2 0.570312 0.192593 0.011458 0.027778
2 0.590365 0.216204 0.014063 0.036111
2 0.612500 0.247685 0.018750 0.047222
2 0.634896 0.307407 0.027083 0.068519
