2 0.053125 0.302778 0.015625 0.038889
2 0.133854 0.237500 0.011458 0.025000
2 0.134375 0.281944 0.018750 0.045370
2 0.207031 0.223611 0.011979 0.025000
2 0.257031 0.257407 0.018229 0.046296
2 0.281250 0.207870 0.010417 0.026852
2 0.022917 0.262037 0.005208 0.014815
2 0.045052 0.250463 0.005729 0.013889
2 0.060417 0.242593 0.005208 0.012963
2 0.332552 0.254167 0.020313 0.049074
2 0.302344 0.359259 0.036979 0.087037
2 0.375260 0.293981 0.030729 0.063889
2 0.363281 0.198148 0.011979 0.027778
2 0.072656 0.574537 0.054688 0.141667
2 0.954948 0.770370 0.076563 0.174074
2 0.859375 0.488889 0.041667 0.107407
2 0.804688 0.356944 0.027083 0.069444
2 0.755729 0.294907 0.022917 0.052778
2 0.713281 0.261574 0.020313 0.047222
2 0.641667 0.224074 0.017708 0.037037
2 0.446094 0.192593 0.014063 0.029630
2 0.566146 0.203241 0.015625 0.032407
2 0.094792 0.233333 0.006250 0.014815
