1 0.272396 0.178241 0.052083 0.128704
1 0.738802 0.446296 0.041146 0.112963
1 0.915625 0.795833 0.086458 0.189815
1 0.422656 0.197685 0.013021 0.028704
1 0.438802 0.167593 0.009896 0.018519
1 0.467187 0.171296 0.011458 0.014815
1 0.490365 0.169907 0.010937 0.021296
1 0.513281 0.175463 0.013021 0.017593
1 0.535937 0.175000 0.011458 0.024074
1 0.617188 0.188889 0.011458 0.025926
1 0.635417 0.202778 0.013542 0.027778
1 0.661198 0.218519 0.015104 0.033333
1 0.702083 0.201389 0.010417 0.025000
1 0.694010 0.239815 0.018229 0.038889
1 0.730469 0.263889 0.020313 0.042593
1 0.779427 0.296759 0.023438 0.052778
1 0.768750 0.236111 0.014583 0.033333
1 0.786198 0.218519 0.011979 0.024074
1 0.832812 0.338889 0.025000 0.061111
1 0.869792 0.297222 0.015625 0.042593
1 0.864844 0.259722 0.013021 0.030556
1 0.345833 0.358333 0.033333 0.088889
1 0.964323 0.320370 0.016146 0.037037
1 0.973958 0.382870 0.022917 0.056481
