1 0.732031 0.479630 0.051562 0.118519
1 0.198177 0.391204 0.040104 0.084259
2 0.141146 0.268056 0.012500 0.036111
2 0.343229 0.273611 0.023958 0.052778
2 0.422396 0.223148 0.015625 0.033333
2 0.464323 0.202778 0.013021 0.027778
2 0.482812 0.194444 0.011458 0.022222
2 0.500000 0.188889 0.009375 0.020370
2 0.527344 0.183796 0.007812 0.017593
2 0.550781 0.182870 0.006771 0.015741
0 0.640365 0.213426 0.009896 0.025000
0 0.664323 0.212500 0.007812 0.021296
0 0.690625 0.269907 0.016667 0.043519
0 0.757292 0.237963 0.008333 0.022222
0 0.734896 0.249537 0.012500 0.030556
0 0.704167 0.213889 0.007292 0.018519
0 0.774740 0.236574 0.007812 0.019444
