0 0.969792 0.306019 0.008333 0.019444
0 0.983594 0.300926 0.005729 0.016667
0 0.996615 0.311574 0.005729 0.017593
2 0.275781 0.407407 0.046354 0.114815
2 0.460417 0.256019 0.023958 0.054630
2 0.559896 0.213889 0.015625 0.038889
2 0.642708 0.202315 0.012500 0.028704
2 0.856510 0.533796 0.052604 0.132407
2 0.764844 0.339815 0.027604 0.070370
2 0.754167 0.270833 0.017708 0.045370
2 0.733333 0.209722 0.009375 0.023148
2 0.788281 0.221296 0.007812 0.020370
2 0.772656 0.247222 0.013021 0.033333
2 0.840625 0.237500 0.007292 0.015741
2 0.820312 0.250000 0.010417 0.025926
2 0.859896 0.256944 0.009375 0.025000
2 0.885938 0.252778 0.005208 0.014815
2 0.893750 0.254167 0.005208 0.013889
2 0.904948 0.270833 0.007812 0.023148
2 0.958073 0.279630 0.004687 0.012963
2 0.946615 0.271759 0.004687 0.012037
