1 0.734115 0.196759 0.007812 0.015741
1 0.682292 0.187500 0.006250 0.013889
2 0.781510 0.420833 0.044271 0.097222
2 0.236979 0.426389 0.042708 0.099074
2 0.650781 0.262500 0.019271 0.045370
2 0.613021 0.216667 0.012500 0.029630
2 0.377083 0.264352 0.021875 0.047222
2 0.437760 0.214815 0.013021 0.029630
2 0.478125 0.198148 0.010417 0.025926
2 0.526302 0.188426 0.007812 0.019444
2 0.564583 0.185648 0.008333 0.015741
2 0.589844 0.184722 0.006771 0.013889
2 0.618490 0.205556 0.007812 0.025926
2 0.631510 0.197222 0.008854 0.022222
2 0.616406 0.184722 0.006771 0.013889
2 0.648698 0.185185 0.004687 0.012963
2 0.656510 0.193981 0.006771 0.017593
2 0.675521 0.193519 0.006250 0.014815
2 0.699479 0.195370 0.006250 0.014815
2 0.708333 0.189815 0.005208 0.012963
2 0.748437 0.195370 0.004167 0.011111
2 0.759115 0.199537 0.004687 0.015741
2 0.785156 0.202778 0.005729 0.014815
2 0.790885 0.202778 0.004687 0.011111
2 0.811719 0.210185 0.004687 0.011111
2 0.862500 0.223148 0.005208 0.012963
