2 0.722917 0.402315 0.038542 0.106481
2 0.119271 0.219907 0.007292 0.017593
2 0.126042 0.225926 0.008333 0.018519
2 0.144531 0.206944 0.006771 0.013889
2 0.171094 0.218981 0.010937 0.021296
2 0.198958 0.196759 0.008333 0.017593
2 0.216927 0.196759 0.008854 0.017593
2 0.227083 0.211111 0.011458 0.025926
2 0.252604 0.190741 0.009375 0.020370
2 0.304948 0.201852 0.011979 0.027778
2 0.397135 0.239352 0.018229 0.047222
2 0.374219 0.203241 0.013021 0.032407
2 0.383073 0.181019 0.008854 0.023148
2 0.286198 0.331019 0.035937 0.080556
2 0.633594 0.253241 0.019271 0.049074
2 0.578906 0.213889 0.016146 0.037037
2 0.481250 0.187037 0.011458 0.025926
