2 0.386719 0.262037 0.025521 0.062963
2 0.664323 0.278704 0.027604 0.064815
2 0.470052 0.196759 0.016146 0.037963
2 0.520312 0.175926 0.012500 0.029630
2 0.560417 0.166204 0.010417 0.025000
2 0.639583 0.218981 0.015625 0.039815
2 0.648438 0.197222 0.011458 0.029630
2 0.665885 0.184722 0.009896 0.025000
2 0.630990 0.165278 0.007812 0.019444
2 0.672917 0.166667 0.006250 0.014815
2 0.694271 0.182407 0.008333 0.022222
2 0.684115 0.163426 0.006771 0.019444
2 0.722396 0.164352 0.005208 0.013889
2 0.653906 0.150926 0.005729 0.014815
