1 0.209115 0.384722 0.031771 0.080556
1 0.629167 0.313889 0.032292 0.068519
2 0.873958 0.555556 0.058333 0.148148
2 0.047917 0.680556 0.065625 0.153704
2 0.244792 0.285185 0.017708 0.044444
2 0.246615 0.250926 0.014063 0.031481
2 0.232292 0.243056 0.010417 0.026852
2 0.196615 0.241667 0.009896 0.022222
2 0.492448 0.235648 0.019271 0.045370
2 0.421094 0.209722 0.010937 0.036111
2 0.369792 0.204630 0.011458 0.027778
2 0.306771 0.201852 0.010417 0.024074
2 0.263542 0.205556 0.008333 0.020370
2 0.233594 0.207407 0.008854 0.018519
2 0.201563 0.213426 0.009375 0.019444
2 0.168490 0.243519 0.008854 0.020370
2 0.144792 0.244444 0.010417 0.018519
2 0.123438 0.250000 0.009375 0.018519
