2 0.759115 0.599074 0.067187 0.187037
2 0.682552 0.298611 0.024479 0.063889
2 0.704688 0.255556 0.018750 0.044444
2 0.117708 0.449537 0.052083 0.115741
2 0.432292 0.228704 0.022917 0.048148
2 0.529948 0.201389 0.016146 0.036111
2 0.600781 0.193981 0.011979 0.026852
2 0.629167 0.175000 0.006250 0.018519
2 0.615625 0.168519 0.008333 0.016667
2 0.645052 0.182407 0.008854 0.020370
2 0.652083 0.193056 0.008333 0.023148
2 0.687500 0.180093 0.007292 0.015741
2 0.713281 0.189815 0.007812 0.018519
2 0.733854 0.236574 0.013542 0.034259
0 0.774740 0.219444 0.007812 0.018519
0 0.801302 0.232407 0.008854 0.018519
0 0.984375 0.372222 0.014583 0.037037
0 0.921354 0.290278 0.010417 0.023148
0 0.896615 0.284722 0.010937 0.026852
0 0.826562 0.265741 0.013542 0.029630
