2 0.224740 0.496296 0.057813 0.140741
2 0.841146 0.356019 0.028125 0.075000
2 0.519271 0.261111 0.026042 0.055556
2 0.586719 0.218056 0.015104 0.039815
2 0.588542 0.202778 0.011458 0.033333
2 0.557813 0.189815 0.012500 0.029630
2 0.559115 0.170833 0.009896 0.023148
2 0.492969 0.180093 0.010937 0.025000
2 0.485938 0.167593 0.007292 0.018519
2 0.421094 0.179167 0.010937 0.023148
2 0.436719 0.166204 0.008854 0.017593
2 0.785417 0.256944 0.016667 0.045370
2 0.738542 0.220833 0.013542 0.032407
2 0.649740 0.188426 0.009896 0.023148
2 0.322917 0.180556 0.007292 0.018519
2 0.312240 0.177315 0.006771 0.015741
2 0.367448 0.180093 0.008854 0.019444
2 0.402865 0.168056 0.007812 0.017593
2 0.384115 0.166204 0.006771 0.015741
