2 0.058333 0.280556 0.008333 0.020370
2 0.072396 0.263889 0.006250 0.016667
2 0.095312 0.246759 0.007292 0.015741
2 0.140885 0.244907 0.007812 0.017593
2 0.114062 0.276852 0.012500 0.031481
2 0.176563 0.238889 0.008333 0.022222
2 0.164323 0.279630 0.014063 0.037037
2 0.222917 0.279630 0.020833 0.044444
2 0.165885 0.600000 0.064062 0.162963
2 0.259115 0.300463 0.021354 0.056481
2 0.260677 0.381944 0.031771 0.093519
2 0.368490 0.220370 0.016146 0.035185
2 0.604167 0.296759 0.031250 0.073148
2 0.478646 0.237500 0.021875 0.049074
2 0.827604 0.519907 0.059375 0.149074
0 0.270052 0.221296 0.005729 0.022222
0 0.207552 0.226852 0.007812 0.020370
0 0.230729 0.213889 0.006250 0.018519
0 0.267448 0.198148 0.005729 0.014815
0 0.297917 0.200926 0.007292 0.016667
0 0.304427 0.182407 0.004687 0.011111
0 0.328385 0.187037 0.006771 0.014815
0 0.354948 0.174074 0.005729 0.012963
0 0.372135 0.166204 0.004687 0.012037
2 0.157031 0.224074 0.005729 0.012963
2 0.174740 0.214815 0.005729 0.012963
