2 0.113542 0.781019 0.082292 0.213889
2 0.197917 0.481019 0.046875 0.128704
2 0.138021 0.393056 0.030208 0.080556
2 0.076563 0.356019 0.019792 0.054630
2 0.060417 0.333796 0.013542 0.039815
2 0.049740 0.325000 0.010937 0.031481
2 0.061979 0.295833 0.008333 0.025000
2 0.072656 0.283333 0.008854 0.020370
2 0.081510 0.263426 0.007812 0.017593
2 0.104167 0.252315 0.007292 0.015741
2 0.167969 0.236111 0.007812 0.020370
2 0.176563 0.240741 0.008333 0.024074
2 0.188542 0.243519 0.008333 0.027778
2 0.200781 0.246296 0.011979 0.031481
2 0.231771 0.246759 0.013542 0.036111
2 0.286719 0.242593 0.017188 0.037037
2 0.342448 0.245833 0.018229 0.045370
2 0.418490 0.247222 0.023438 0.050000
2 0.579167 0.274537 0.029167 0.069444
2 0.734115 0.360648 0.042188 0.093519
