2 0.281250 0.405556 0.040625 0.105556
2 0.836719 0.370833 0.032813 0.071296
2 0.702865 0.287963 0.023438 0.055556
2 0.555990 0.228241 0.017188 0.034259
2 0.478385 0.202778 0.011979 0.027778
2 0.431771 0.191204 0.009375 0.017593
2 0.326562 0.230556 0.012500 0.029630
2 0.309115 0.208796 0.011979 0.023148
2 0.319271 0.187037 0.006250 0.014815
2 0.327344 0.180556 0.004687 0.012963
2 0.337240 0.175926 0.004687 0.011111
2 0.341667 0.173148 0.004167 0.011111
2 0.347396 0.171296 0.004167 0.012963
1 0.411198 0.181019 0.008854 0.019444
1 0.310937 0.193981 0.007292 0.017593
0 0.424219 0.171296 0.005729 0.014815
0 0.451042 0.166667 0.006250 0.012963
