2 0.031510 0.250926 0.009896 0.024074
2 0.055729 0.263889 0.014583 0.033333
2 0.101823 0.222685 0.009896 0.023148
2 0.180729 0.197685 0.010417 0.025000
2 0.195573 0.215741 0.014063 0.033333
2 0.194792 0.348611 0.033333 0.073148
2 0.301563 0.169907 0.010417 0.025000
2 0.316146 0.270833 0.023958 0.054630
2 0.357031 0.187500 0.013021 0.032407
2 0.757552 0.704630 0.055729 0.188889
2 0.660677 0.383333 0.034896 0.094444
2 0.667708 0.298148 0.022917 0.062963
2 0.686719 0.264352 0.018229 0.045370
2 0.676042 0.216667 0.014583 0.031481
2 0.644531 0.200463 0.011979 0.028704
2 0.602083 0.181481 0.010417 0.025926
2 0.407292 0.227315 0.021875 0.047222
2 0.408333 0.157407 0.010417 0.024074
2 0.442188 0.186111 0.014583 0.033333
2 0.461979 0.206944 0.018750 0.041667
2 0.500260 0.200000 0.018229 0.037037
2 0.480469 0.158333 0.008854 0.025926
2 0.551302 0.167130 0.013021 0.025000
