1 0.394792 0.207870 0.010417 0.030556
1 0.539583 0.170370 0.012500 0.025926
2 0.401042 0.259722 0.019792 0.047222
2 0.189062 0.611111 0.047917 0.166667
2 0.361719 0.337500 0.032813 0.075000
2 0.614844 0.194444 0.017188 0.037037
2 0.677344 0.230093 0.022396 0.047222
2 0.788021 0.324537 0.034375 0.080556
2 0.355469 0.174074 0.006771 0.018519
2 0.363021 0.161111 0.006250 0.016667
2 0.366667 0.186111 0.009375 0.022222
2 0.392448 0.143056 0.006771 0.013889
2 0.445573 0.144907 0.006771 0.015741
2 0.449219 0.140278 0.004687 0.015741
2 0.466406 0.130093 0.004687 0.013889
2 0.477865 0.156019 0.007812 0.019444
