1 0.339323 0.235648 0.019271 0.043519
1 0.578646 0.249537 0.019792 0.047222
2 0.226562 0.210648 0.010417 0.025000
2 0.643750 0.366204 0.037500 0.086111
2 0.184375 0.372222 0.036458 0.079630
2 0.393750 0.204630 0.014583 0.031481
2 0.436198 0.184259 0.010937 0.024074
2 0.464323 0.174537 0.008854 0.021296
2 0.477344 0.168981 0.007812 0.017593
2 0.491146 0.167130 0.006250 0.013889
2 0.514062 0.163426 0.005208 0.013889
2 0.534896 0.164352 0.005208 0.012037
2 0.588281 0.172685 0.006771 0.013889
0 0.597135 0.181944 0.006771 0.017593
0 0.620313 0.181944 0.006250 0.015741
0 0.610677 0.205556 0.010937 0.027778
0 0.659115 0.200926 0.007812 0.022222
0 0.690104 0.198148 0.006250 0.016667
0 0.714063 0.198611 0.006250 0.015741
