0 0.916146 0.291667 0.010417 0.024074
0 0.891667 0.288426 0.010417 0.025000
0 0.822135 0.269444 0.013021 0.031481
0 0.763542 0.219907 0.007292 0.021296
0 0.791146 0.232870 0.007292 0.021296
0 0.992188 0.383333 0.015625 0.042593
2 0.687240 0.322685 0.025521 0.073148
2 0.702344 0.267130 0.019271 0.050926
2 0.728125 0.243056 0.015625 0.036111
2 0.835417 0.788889 0.089583 0.231481
2 0.027865 0.558796 0.053646 0.145370
2 0.407813 0.244444 0.023958 0.053704
2 0.638542 0.196296 0.008333 0.022222
2 0.587240 0.200000 0.011979 0.029630
2 0.513021 0.208796 0.017708 0.039815
2 0.598958 0.170370 0.007292 0.014815
2 0.613021 0.176852 0.007292 0.018519
2 0.629687 0.185185 0.008333 0.018519
2 0.671615 0.180556 0.007812 0.016667
2 0.699219 0.192130 0.006771 0.013889
