0 0.363542 0.194444 0.008333 0.022222
0 0.401042 0.184722 0.008333 0.019444
0 0.429688 0.215741 0.012500 0.031481
0 0.442969 0.203241 0.014063 0.028704
0 0.452865 0.172222 0.005729 0.018519
0 0.480990 0.188426 0.008854 0.023148
0 0.504167 0.161574 0.007292 0.017593
0 0.526563 0.175000 0.009375 0.018519
0 0.535417 0.156019 0.006250 0.012037
0 0.555469 0.153704 0.004687 0.012963
0 0.564844 0.165741 0.007812 0.016667
2 0.824219 0.517130 0.066146 0.149074
2 0.167448 0.591667 0.075521 0.164815
2 0.242188 0.370833 0.034375 0.089815
2 0.222917 0.299074 0.023958 0.055556
2 0.215625 0.250463 0.015625 0.037963
2 0.234115 0.200000 0.007812 0.018519
2 0.268750 0.183796 0.007292 0.017593
2 0.293490 0.194907 0.009896 0.025000
2 0.309375 0.184259 0.007292 0.020370
2 0.334115 0.174074 0.005729 0.018519
2 0.359115 0.167593 0.006771 0.014815
2 0.555469 0.279167 0.032813 0.069444
0 0.617188 0.156019 0.005208 0.010185
0 0.604427 0.159259 0.006771 0.012963
0 0.587500 0.162500 0.007292 0.015741
