2 0.034635 0.310185 0.010937 0.024074
2 0.079948 0.307407 0.017188 0.037037
2 0.088802 0.286111 0.010937 0.025926
2 0.142187 0.262500 0.011458 0.030556
2 0.165885 0.273611 0.016146 0.039815
2 0.027083 0.631019 0.053125 0.150926
2 0.211458 0.263426 0.017708 0.039815
2 0.226823 0.233796 0.010937 0.028704
2 0.250521 0.259259 0.017708 0.044444
2 0.212240 0.372685 0.033854 0.089815
2 0.262240 0.300463 0.024479 0.063889
2 0.272917 0.268981 0.020833 0.052778
2 0.288802 0.219907 0.011979 0.028704
2 0.358854 0.210648 0.013542 0.030556
2 0.873177 0.767130 0.089063 0.236111
2 0.434375 0.209259 0.015625 0.033333
2 0.672656 0.336574 0.034896 0.087963
2 0.515625 0.218056 0.020833 0.045370
2 0.587240 0.250926 0.025521 0.057407
