2 0.057813 0.293981 0.011458 0.028704
2 0.104167 0.259722 0.007292 0.019444
2 0.124219 0.281019 0.013021 0.032407
2 0.192188 0.268519 0.016667 0.037037
2 0.237760 0.268056 0.021354 0.047222
2 0.299219 0.216667 0.011979 0.031481
2 0.280469 0.296296 0.023438 0.059259
2 0.284375 0.360648 0.031250 0.087963
2 0.053646 0.899074 0.106250 0.201852
2 0.397917 0.214352 0.014583 0.037963
2 0.620573 0.290278 0.030729 0.073148
2 0.495833 0.231019 0.021875 0.047222
0 0.148958 0.235648 0.006250 0.017593
0 0.131771 0.246296 0.007292 0.016667
0 0.177865 0.219444 0.005729 0.016667
0 0.214323 0.215741 0.006771 0.016667
0 0.236458 0.202778 0.006250 0.014815
0 0.257292 0.190278 0.005208 0.013889
