1 0.171094 0.256944 0.014063 0.032407
1 0.333594 0.207870 0.011979 0.028704
2 0.170313 0.312037 0.020833 0.053704
2 0.174740 0.450926 0.036979 0.100000
2 0.405990 0.233333 0.017188 0.046296
2 0.635417 0.327315 0.041667 0.084259
2 0.176563 0.229167 0.010417 0.025000
2 0.192969 0.215278 0.007812 0.019444
2 0.218490 0.199074 0.007812 0.018519
2 0.268490 0.181019 0.006771 0.017593
2 0.291146 0.190741 0.007292 0.018519
2 0.298438 0.193981 0.008333 0.023148
2 0.302865 0.180556 0.005729 0.016667
2 0.327865 0.172685 0.007812 0.019444
2 0.424740 0.155556 0.005729 0.012963
