2 0.337240 0.290278 0.029687 0.063889
2 0.393490 0.203704 0.019271 0.037037
2 0.438021 0.173611 0.015625 0.030556
2 0.510417 0.149537 0.010417 0.023148
2 0.695312 0.276389 0.027083 0.060185
2 0.601562 0.193519 0.014583 0.035185
2 0.611719 0.181019 0.010937 0.032407
2 0.564844 0.131481 0.007812 0.022222
2 0.601823 0.123148 0.006771 0.016667
2 0.644792 0.163889 0.010417 0.025926
2 0.672396 0.149537 0.008333 0.021296
2 0.691667 0.137500 0.007292 0.017593
2 0.679688 0.125463 0.006250 0.015741
2 0.589063 0.106019 0.006250 0.013889
