2 0.952865 0.905556 0.092188 0.188889
2 0.217969 0.430556 0.039062 0.092593
2 0.337240 0.274074 0.018229 0.044444
2 0.375260 0.232407 0.015104 0.033333
2 0.387240 0.215741 0.013021 0.027778
2 0.302865 0.189352 0.004687 0.013889
2 0.329948 0.186111 0.006771 0.016667
2 0.351042 0.187037 0.006250 0.018519
2 0.366146 0.188426 0.008333 0.019444
2 0.618750 0.325463 0.031250 0.069444
2 0.569271 0.253704 0.021875 0.046296
2 0.452344 0.175000 0.007812 0.018519
2 0.476042 0.180556 0.008333 0.020370
2 0.550260 0.220370 0.015104 0.035185
2 0.530469 0.203241 0.011979 0.026852
2 0.509635 0.191667 0.009896 0.022222
