2 0.169792 0.504630 0.057292 0.129630
2 0.391667 0.304630 0.030208 0.064815
2 0.466667 0.256019 0.020833 0.047222
2 0.525000 0.231944 0.018750 0.041667
2 0.965365 0.708333 0.064062 0.155556
2 0.809115 0.398611 0.030729 0.078704
2 0.574740 0.216204 0.011979 0.030556
2 0.657813 0.206019 0.009375 0.021296
2 0.711719 0.212500 0.009896 0.019444
2 0.769271 0.224537 0.007292 0.017593
2 0.767188 0.321296 0.019792 0.051852
2 0.759896 0.281944 0.013542 0.036111
2 0.782813 0.249537 0.009375 0.026852
2 0.809896 0.250926 0.010417 0.024074
2 0.816406 0.237500 0.006771 0.017593
2 0.842969 0.258796 0.007812 0.021296
2 0.876042 0.271296 0.009375 0.022222
2 0.861719 0.254630 0.008854 0.018519
2 0.992969 0.305556 0.004687 0.012963
2 0.959115 0.306019 0.008854 0.021296
2 0.917969 0.287037 0.008854 0.020370
2 0.905469 0.272222 0.006771 0.016667
2 0.933073 0.282870 0.006771 0.015741
2 0.941667 0.283333 0.005208 0.016667
2 0.341667 0.213426 0.006250 0.013889
2 0.367969 0.216204 0.006771 0.015741
2 0.397917 0.199074 0.005208 0.014815
2 0.437240 0.199074 0.005729 0.016667
2 0.491667 0.191204 0.006250 0.012037
2 0.101042 0.315741 0.006250 0.016667
2 0.134896 0.290278 0.006250 0.015741
2 0.190885 0.275000 0.007812 0.020370
2 0.201823 0.260185 0.006771 0.014815
2 0.961198 0.287963 0.004687 0.012963
2 0.891406 0.257407 0.005729 0.012963
2 0.924219 0.273611 0.005729 0.015741
0 0.464844 0.186111 0.004687 0.009259
0 0.423438 0.187500 0.004167 0.008333
0 0.434896 0.189815 0.004167 0.011111
1 0.624740 0.207870 0.015104 0.028704
1 0.766667 0.255093 0.012500 0.030556
2 0.947917 0.287500 0.006250 0.015741
