2 0.241667 0.429630 0.042708 0.103704
2 0.311719 0.297685 0.023438 0.056481
2 0.225000 0.218056 0.007292 0.015741
2 0.254167 0.215278 0.008333 0.017593
2 0.285156 0.215278 0.009896 0.023148
2 0.313281 0.223148 0.011979 0.027778
2 0.329948 0.249537 0.015104 0.041667
2 0.308594 0.188889 0.007812 0.016667
2 0.254948 0.198611 0.005729 0.012037
2 0.223698 0.206481 0.005729 0.011111
2 0.026042 0.282407 0.005208 0.011111
2 0.081771 0.260185 0.005208 0.012963
2 0.118229 0.239352 0.005208 0.012037
2 0.168750 0.221759 0.005208 0.012037
2 0.179167 0.227778 0.007292 0.012963
2 0.367708 0.181019 0.007292 0.017593
2 0.405469 0.179630 0.008854 0.020370
2 0.863542 0.506481 0.054167 0.122222
2 0.469271 0.186111 0.012500 0.024074
2 0.518750 0.199074 0.014583 0.029630
2 0.652083 0.275000 0.028125 0.055556
2 0.570573 0.219907 0.020313 0.037963
