0 0.801562 0.268056 0.010417 0.023148
0 0.891927 0.328704 0.018229 0.042593
0 0.941406 0.335648 0.014063 0.034259
2 0.678125 0.499537 0.046875 0.119444
2 0.079687 0.459722 0.044792 0.099074
2 0.265104 0.315741 0.035417 0.077778
2 0.384375 0.256019 0.026042 0.052778
2 0.482552 0.225926 0.018229 0.038889
2 0.553125 0.214815 0.013542 0.031481
2 0.595052 0.210648 0.009896 0.025000
2 0.625781 0.209722 0.008854 0.023148
2 0.724479 0.257407 0.013542 0.038889
2 0.704688 0.276389 0.018750 0.050926
2 0.683594 0.320370 0.026562 0.072222
2 0.726042 0.231944 0.007292 0.017593
2 0.709896 0.223611 0.008333 0.019444
2 0.696615 0.217593 0.006771 0.016667
2 0.676562 0.207407 0.006250 0.016667
2 0.611719 0.191204 0.008854 0.015741
