2 0.208333 0.201389 0.006250 0.013889
2 0.213542 0.214352 0.007292 0.017593
2 0.241667 0.194444 0.006250 0.014815
2 0.257812 0.209259 0.008333 0.024074
2 0.280469 0.212037 0.008854 0.024074
2 0.296875 0.186111 0.006250 0.014815
2 0.305729 0.217130 0.011458 0.028704
2 0.318490 0.256944 0.018229 0.041667
2 0.291146 0.318981 0.028125 0.063889
2 0.169010 0.499074 0.046354 0.114815
2 0.335677 0.182870 0.007812 0.017593
2 0.370052 0.182407 0.008854 0.020370
2 0.411979 0.186111 0.010417 0.020370
2 0.773958 0.476389 0.052083 0.121296
2 0.464844 0.193981 0.013021 0.028704
2 0.539844 0.221759 0.017188 0.037963
2 0.598177 0.273148 0.023438 0.055556
