2 0.894010 0.247685 0.008854 0.019444
1 0.726042 0.417593 0.044792 0.111111
1 0.244010 0.393519 0.040104 0.087037
2 0.414844 0.244444 0.019271 0.040741
2 0.473438 0.214815 0.014583 0.035185
2 0.529687 0.200463 0.011458 0.025000
2 0.610938 0.193056 0.009375 0.023148
2 0.634115 0.231481 0.013021 0.037037
2 0.640625 0.264352 0.018750 0.043519
2 0.658073 0.219907 0.013021 0.030556
2 0.714063 0.201389 0.007292 0.017593
2 0.699740 0.216204 0.010937 0.026852
2 0.767448 0.220370 0.009896 0.024074
2 0.808073 0.219444 0.006771 0.018519
2 0.840885 0.240278 0.007812 0.021296
2 0.930469 0.270370 0.009896 0.020370
