2 0.048958 0.771759 0.084375 0.191667
2 0.182292 0.534259 0.056250 0.131481
2 0.143490 0.453241 0.044271 0.102778
2 0.069792 0.438889 0.038542 0.085185
2 0.941146 0.479167 0.043750 0.097222
2 0.769271 0.328241 0.029167 0.067593
2 0.633594 0.269444 0.023438 0.051852
2 0.446094 0.245833 0.020313 0.041667
2 0.332813 0.254630 0.018750 0.038889
2 0.230990 0.272222 0.015104 0.035185
2 0.148698 0.291204 0.015104 0.032407
2 0.025521 0.300926 0.007292 0.016667
2 0.063021 0.297685 0.008333 0.019444
2 0.087760 0.301852 0.009896 0.025926
2 0.055469 0.282407 0.004687 0.012963
2 0.074479 0.284259 0.006250 0.016667
2 0.096094 0.269444 0.005729 0.014815
2 0.105208 0.256481 0.006250 0.012963
2 0.118229 0.257870 0.006250 0.015741
