2 0.224219 0.500463 0.057813 0.137963
2 0.839063 0.355556 0.031250 0.077778
2 0.519010 0.258796 0.025521 0.060185
2 0.586719 0.218056 0.017188 0.039815
2 0.588542 0.201852 0.013542 0.031481
2 0.557813 0.186574 0.011458 0.030556
2 0.559115 0.169907 0.009896 0.019444
2 0.493490 0.179630 0.009896 0.024074
2 0.486719 0.167130 0.007812 0.019444
2 0.784115 0.256481 0.017188 0.042593
2 0.738542 0.220833 0.014583 0.030556
2 0.649740 0.187037 0.010937 0.020370
2 0.420312 0.178704 0.011458 0.022222
2 0.436719 0.165278 0.007812 0.017593
2 0.311458 0.175926 0.006250 0.016667
2 0.322917 0.180093 0.007292 0.017593
2 0.367188 0.178704 0.009375 0.020370
2 0.403646 0.166204 0.007292 0.015741
