2 0.015104 0.257870 0.009375 0.023148
2 0.026823 0.270833 0.011979 0.028704
2 0.078385 0.232407 0.008854 0.022222
2 0.114583 0.238889 0.011458 0.027778
2 0.146354 0.210185 0.009375 0.022222
2 0.653385 0.264352 0.017188 0.045370
2 0.672135 0.246296 0.015104 0.037037
2 0.666667 0.213426 0.011458 0.026852
2 0.643750 0.308333 0.022917 0.057407
2 0.682292 0.414352 0.040625 0.095370
2 0.222396 0.189815 0.008333 0.022222
2 0.246354 0.201852 0.011458 0.027778
2 0.302083 0.282870 0.022917 0.054630
2 0.639583 0.200463 0.010417 0.023148
2 0.603385 0.184722 0.009896 0.021296
2 0.557031 0.171759 0.009896 0.021296
2 0.494010 0.163426 0.008854 0.021296
2 0.505990 0.193981 0.011979 0.028704
2 0.486458 0.201852 0.012500 0.029630
2 0.466406 0.185185 0.013021 0.027778
2 0.429427 0.162500 0.008854 0.019444
2 0.444792 0.214815 0.015625 0.035185
2 0.179427 0.374537 0.036979 0.080556
2 0.380729 0.238889 0.020833 0.042593
2 0.391146 0.184259 0.011458 0.027778
2 0.333854 0.168981 0.009375 0.021296
