2 0.095052 0.277315 0.011979 0.032407
2 0.121094 0.243981 0.010937 0.026852
2 0.144271 0.229630 0.009375 0.022222
2 0.183854 0.212963 0.010417 0.024074
2 0.181771 0.293981 0.022917 0.052778
2 0.145313 0.283333 0.017708 0.040741
2 0.219010 0.330556 0.026562 0.066667
2 0.213281 0.395370 0.038021 0.087037
2 0.270833 0.185648 0.007292 0.017593
2 0.308854 0.176389 0.008333 0.017593
2 0.288542 0.193056 0.009375 0.023148
2 0.282552 0.213889 0.013021 0.031481
2 0.330469 0.209722 0.013021 0.037963
2 0.249479 0.214352 0.011458 0.030556
2 0.226562 0.199074 0.006250 0.018519
2 0.345573 0.179630 0.008854 0.020370
2 0.327865 0.169907 0.005729 0.017593
2 0.698177 0.350926 0.039062 0.088889
2 0.569271 0.265278 0.029167 0.063889
2 0.482812 0.234259 0.022917 0.051852
2 0.405208 0.218981 0.018750 0.043519
2 0.364844 0.175000 0.008854 0.022222
2 0.401302 0.166204 0.008854 0.019444
2 0.421615 0.159259 0.007812 0.020370
1 0.359896 0.153241 0.005208 0.013889
1 0.432292 0.144907 0.005208 0.013889
