2 0.690625 0.399537 0.040625 0.108333
2 0.698438 0.279167 0.020833 0.058333
2 0.713021 0.239815 0.012500 0.040741
2 0.273438 0.310648 0.032292 0.067593
2 0.466146 0.218056 0.018750 0.041667
2 0.555469 0.193056 0.013021 0.030556
2 0.651042 0.187963 0.009375 0.024074
2 0.638281 0.160185 0.005729 0.014815
2 0.592448 0.154167 0.006771 0.013889
2 0.534635 0.147222 0.004687 0.012963
2 0.742188 0.184722 0.007292 0.013889
2 0.771354 0.199074 0.007292 0.016667
0 0.990104 0.338889 0.011458 0.027778
0 0.928125 0.324074 0.013542 0.035185
0 0.792969 0.241204 0.011979 0.028704
0 0.862500 0.256481 0.010417 0.024074
1 0.491406 0.140741 0.005729 0.012963
1 0.468750 0.142593 0.007292 0.014815
