2 0.241667 0.429167 0.041667 0.099074
2 0.857292 0.457407 0.051042 0.111111
2 0.699740 0.292593 0.032813 0.066667
2 0.334896 0.264352 0.017708 0.043519
2 0.329167 0.227315 0.014583 0.030556
2 0.311719 0.213426 0.010937 0.026852
2 0.286458 0.206944 0.009375 0.021296
2 0.242969 0.210648 0.009896 0.019444
2 0.607812 0.223611 0.018750 0.041667
2 0.519271 0.187037 0.013542 0.029630
2 0.472396 0.180093 0.010417 0.025000
2 0.403906 0.176389 0.008854 0.019444
2 0.346094 0.180093 0.007812 0.015741
2 0.311719 0.182407 0.007812 0.014815
2 0.254167 0.192593 0.007292 0.016667
2 0.203646 0.204630 0.005208 0.012963
2 0.152344 0.227315 0.007812 0.015741
2 0.102344 0.241667 0.007812 0.012963
1 0.072135 0.247685 0.005729 0.013889
1 0.134115 0.221759 0.006771 0.013889
