2 0.026823 0.565278 0.052604 0.150926
2 0.794010 0.680556 0.085938 0.200000
2 0.396615 0.242593 0.023438 0.053704
2 0.627604 0.169444 0.006250 0.016667
2 0.641667 0.166204 0.007292 0.013889
2 0.557813 0.204167 0.017708 0.039815
2 0.662240 0.200463 0.011979 0.030556
2 0.674479 0.181481 0.007292 0.014815
2 0.728125 0.187037 0.006250 0.018519
2 0.723437 0.201389 0.007292 0.019444
2 0.713542 0.205093 0.007292 0.019444
2 0.721615 0.259259 0.019271 0.048148
2 0.669792 0.311111 0.027083 0.077778
2 0.784115 0.210648 0.007812 0.017593
2 0.787240 0.249537 0.014063 0.032407
2 0.825260 0.243519 0.009896 0.025926
