2 0.097917 0.872685 0.100000 0.254630
2 0.233594 0.374537 0.029687 0.080556
2 0.290365 0.288426 0.023438 0.056481
2 0.406771 0.216667 0.014583 0.037037
2 0.452865 0.189352 0.009896 0.025000
2 0.464062 0.176389 0.007292 0.021296
2 0.469792 0.168056 0.007292 0.017593
2 0.478125 0.159722 0.006250 0.019444
2 0.487240 0.156019 0.004687 0.015741
2 0.503646 0.153241 0.006250 0.013889
2 0.558594 0.164815 0.007812 0.016667
2 0.571615 0.170370 0.009896 0.024074
2 0.584896 0.190741 0.011458 0.025926
2 0.581771 0.218519 0.014583 0.037037
2 0.623437 0.331019 0.037500 0.084259
2 0.564844 0.264815 0.020313 0.051852
2 0.604688 0.146296 0.006250 0.012963
2 0.797396 0.462037 0.054167 0.131481
