1 0.242448 0.289815 0.022396 0.051852
1 0.497135 0.223611 0.020313 0.043519
2 0.612760 0.270833 0.029687 0.063889
2 0.113021 0.710648 0.068750 0.173148
2 0.207813 0.472222 0.045833 0.109259
2 0.235156 0.363889 0.028646 0.074074
2 0.216927 0.258333 0.014063 0.033333
2 0.194271 0.247222 0.011458 0.027778
2 0.129167 0.253704 0.008333 0.022222
2 0.144531 0.229167 0.007812 0.017593
2 0.175781 0.219444 0.007812 0.018519
2 0.170573 0.247222 0.009896 0.024074
2 0.220573 0.210648 0.008854 0.021296
2 0.281250 0.200926 0.009375 0.024074
2 0.793750 0.395370 0.042708 0.101852
2 0.396615 0.202315 0.013021 0.034259
2 0.332031 0.197685 0.010937 0.026852
