2 0.308073 0.288889 0.029687 0.057407
2 0.639844 0.256944 0.021354 0.045370
2 0.786979 0.802315 0.083333 0.236111
2 0.790104 0.555093 0.056250 0.134259
2 0.910937 0.438426 0.032292 0.082407
2 0.817448 0.272222 0.016146 0.038889
2 0.839583 0.217130 0.006250 0.017593
2 0.852344 0.219444 0.005729 0.014815
2 0.864844 0.243519 0.008854 0.022222
2 0.877604 0.229167 0.007292 0.015741
2 0.884635 0.257870 0.008854 0.025000
2 0.947135 0.267130 0.007812 0.017593
2 0.937500 0.270370 0.007292 0.022222
2 0.963542 0.289352 0.009375 0.025000
2 0.906510 0.241667 0.004687 0.014815
