2 0.115365 0.573611 0.065104 0.143519
2 0.336719 0.305093 0.033854 0.073148
2 0.890625 0.593056 0.065625 0.162037
2 0.730990 0.343056 0.035937 0.091667
2 0.682813 0.257407 0.022917 0.051852
2 0.474740 0.208333 0.019271 0.038889
2 0.589063 0.190741 0.014583 0.029630
2 0.660417 0.187037 0.010417 0.024074
2 0.734375 0.233333 0.015625 0.038889
2 0.769792 0.223148 0.011458 0.031481
2 0.747135 0.193519 0.007812 0.022222
2 0.785156 0.200000 0.007812 0.018519
2 0.792188 0.194444 0.005208 0.014815
2 0.754687 0.179630 0.005208 0.012963
2 0.849219 0.207870 0.007812 0.015741
0 0.855990 0.241204 0.010937 0.023148
0 0.926562 0.265741 0.009375 0.022222
0 0.946615 0.303241 0.011979 0.028704
