2 0.015104 0.312963 0.009375 0.022222
2 0.032292 0.350926 0.015625 0.040741
2 0.038021 0.307870 0.009375 0.023148
2 0.058854 0.301389 0.011458 0.028704
2 0.097656 0.291204 0.013021 0.028704
2 0.133073 0.323148 0.020313 0.050000
2 0.153906 0.275463 0.011979 0.028704
2 0.207031 0.265278 0.013021 0.030556
2 0.226823 0.311574 0.024479 0.054630
2 0.264062 0.330556 0.029167 0.066667
2 0.294271 0.365741 0.029167 0.087037
2 0.069531 0.761111 0.084896 0.201852
2 0.251823 0.477778 0.047396 0.127778
2 0.267188 0.253241 0.014583 0.034259
2 0.369010 0.239815 0.015104 0.035185
2 0.446875 0.244907 0.017708 0.043519
2 0.874479 0.482870 0.048958 0.121296
2 0.675260 0.322222 0.031771 0.070370
2 0.545312 0.268056 0.022917 0.050926
