0 0.708854 0.256019 0.010417 0.030556
0 0.918750 0.339815 0.014583 0.038889
0 0.923958 0.382870 0.020833 0.054630
2 0.732031 0.404630 0.039062 0.101852
2 0.245833 0.379167 0.039583 0.086111
2 0.434115 0.187963 0.008854 0.018519
2 0.406250 0.181019 0.006250 0.015741
2 0.419010 0.171759 0.005729 0.013889
2 0.447135 0.176389 0.005729 0.015741
2 0.448958 0.192130 0.007292 0.017593
2 0.459896 0.196759 0.006250 0.023148
2 0.466406 0.216667 0.009896 0.025926
2 0.433594 0.234722 0.014063 0.037963
2 0.474219 0.182407 0.005729 0.014815
2 0.509635 0.189815 0.006771 0.018519
2 0.536458 0.196759 0.008333 0.019444
2 0.952083 0.843519 0.093750 0.218519
2 0.674740 0.299074 0.022396 0.061111
2 0.597656 0.219444 0.008854 0.024074
2 0.579427 0.211111 0.008854 0.022222
2 0.555208 0.204630 0.008333 0.020370
2 0.380729 0.272222 0.020833 0.050000
2 0.385937 0.176389 0.007292 0.017593
2 0.363021 0.175463 0.006250 0.015741
