2 0.022917 0.580556 0.044792 0.151852
2 0.407813 0.273148 0.029167 0.062963
2 0.521615 0.220833 0.018229 0.043519
2 0.503385 0.171296 0.007812 0.016667
2 0.476042 0.162037 0.007292 0.018519
2 0.524740 0.181019 0.009896 0.023148
2 0.542448 0.206019 0.009896 0.030556
2 0.752344 0.379167 0.030729 0.087963
2 0.535417 0.163889 0.006250 0.014815
2 0.571615 0.173611 0.007812 0.019444
2 0.624740 0.191667 0.009896 0.024074
2 0.686198 0.218981 0.011979 0.028704
2 0.716146 0.239352 0.015625 0.037963
2 0.747917 0.283333 0.016667 0.050000
