2 0.082031 0.306019 0.007812 0.019444
2 0.089323 0.287500 0.006771 0.015741
2 0.175521 0.243519 0.006250 0.014815
2 0.215365 0.232870 0.005729 0.013889
2 0.258073 0.209722 0.005729 0.012037
2 0.269792 0.211574 0.005208 0.012037
2 0.374740 0.252778 0.019271 0.040741
2 0.158333 0.425463 0.039583 0.086111
2 0.794010 0.448611 0.041146 0.100926
2 0.496354 0.203704 0.014583 0.027778
2 0.691927 0.289815 0.019271 0.051852
2 0.598958 0.194907 0.010417 0.021296
2 0.668750 0.195833 0.007292 0.017593
2 0.686458 0.233796 0.013542 0.034259
2 0.722135 0.221296 0.010937 0.025926
2 0.712500 0.200926 0.007292 0.016667
2 0.738021 0.202315 0.007292 0.019444
2 0.757812 0.223148 0.009375 0.022222
2 0.778646 0.211574 0.007292 0.015741
2 0.791927 0.226389 0.007812 0.019444
2 0.814323 0.221296 0.006771 0.014815
2 0.837760 0.237500 0.006771 0.017593
2 0.847396 0.230093 0.005208 0.015741
2 0.874219 0.248611 0.007812 0.019444
2 0.882552 0.243519 0.005729 0.016667
2 0.891406 0.237500 0.005729 0.013889
2 0.913542 0.263426 0.006250 0.017593
2 0.949479 0.277778 0.006250 0.016667
2 0.983333 0.292130 0.007292 0.017593
2 0.909635 0.252315 0.005729 0.013889
2 0.920052 0.251852 0.006771 0.014815
2 0.929948 0.257870 0.004687 0.013889
2 0.936719 0.250926 0.004687 0.012963
2 0.970313 0.267593 0.005208 0.014815
2 0.998177 0.286111 0.003646 0.014815
2 0.834635 0.215278 0.004687 0.013889
2 0.886979 0.229167 0.005208 0.013889
2 0.783594 0.199074 0.004687 0.012963
2 0.801562 0.199074 0.004167 0.011111
2 0.748698 0.189352 0.005729 0.012037
2 0.291406 0.197685 0.005729 0.010185
1 0.126823 0.264352 0.007812 0.013889
1 0.146615 0.261111 0.007812 0.016667
