2 0.004948 0.332870 0.008854 0.030556
2 0.016927 0.294444 0.006771 0.018519
2 0.066146 0.275463 0.008333 0.023148
2 0.079167 0.275926 0.010417 0.020370
2 0.054167 0.317130 0.015625 0.037963
2 0.115365 0.263889 0.010937 0.025926
2 0.172396 0.243981 0.010417 0.030556
2 0.265885 0.221759 0.011979 0.030556
2 0.217448 0.284722 0.019271 0.050926
2 0.235417 0.323611 0.025000 0.071296
2 0.140365 0.288889 0.018229 0.042593
2 0.170313 0.429630 0.044792 0.109259
2 0.390365 0.209722 0.017188 0.037963
2 0.538021 0.243981 0.026042 0.062037
2 0.672917 0.365278 0.044792 0.104630
