1 0.025260 0.290278 0.010937 0.025000
1 0.102344 0.244907 0.009896 0.023148
2 0.034115 0.272685 0.007812 0.017593
2 0.118490 0.252315 0.009896 0.023148
2 0.182292 0.217130 0.007292 0.017593
2 0.210938 0.223611 0.010417 0.025000
2 0.234115 0.201852 0.008854 0.018519
2 0.251042 0.218519 0.013542 0.025926
2 0.287240 0.190741 0.008854 0.020370
2 0.070312 0.467130 0.038542 0.095370
2 0.315365 0.209722 0.015104 0.030556
2 0.307292 0.268981 0.023958 0.056481
2 0.338542 0.234722 0.017708 0.039815
2 0.346615 0.180556 0.009896 0.022222
2 0.409115 0.175926 0.009896 0.024074
2 0.471094 0.177778 0.011979 0.029630
2 0.538542 0.192593 0.013542 0.031481
2 0.740365 0.596759 0.034896 0.175000
2 0.588021 0.218519 0.019792 0.042593
2 0.639062 0.289352 0.026042 0.063889
