2 0.089063 0.505556 0.048958 0.114815
2 0.324740 0.294907 0.030729 0.063889
2 0.468490 0.236111 0.021354 0.044444
2 0.806250 0.554630 0.056250 0.138889
2 0.558073 0.219907 0.018229 0.037963
2 0.635938 0.220370 0.014583 0.033333
2 0.636719 0.181019 0.007812 0.017593
2 0.611979 0.187500 0.008333 0.021296
2 0.560937 0.177778 0.006250 0.018519
2 0.587240 0.172222 0.005729 0.014815
2 0.491146 0.167130 0.006250 0.015741
2 0.054427 0.287963 0.005729 0.016667
2 0.100521 0.258333 0.006250 0.014815
2 0.727865 0.370833 0.038021 0.078704
2 0.745313 0.318056 0.020833 0.062037
2 0.780469 0.305093 0.024479 0.054630
2 0.675521 0.200463 0.009375 0.019444
2 0.684115 0.191667 0.006771 0.016667
2 0.698438 0.224074 0.012500 0.031481
2 0.712500 0.213426 0.009375 0.023148
2 0.727865 0.224537 0.010937 0.028704
2 0.735938 0.222222 0.007292 0.024074
2 0.784635 0.219444 0.006771 0.020370
2 0.829688 0.303241 0.018750 0.045370
2 0.854688 0.249074 0.009375 0.018519
2 0.871094 0.304630 0.017188 0.040741
2 0.891667 0.268056 0.010417 0.023148
2 0.909115 0.305093 0.014063 0.037963
2 0.919010 0.297222 0.009896 0.031481
2 0.214844 0.224074 0.006771 0.018519
1 0.069271 0.264815 0.006250 0.016667
1 0.129167 0.240278 0.007292 0.015741
