2 0.940365 0.887037 0.108854 0.225926
2 0.124219 0.514352 0.051562 0.128704
2 0.487240 0.258796 0.027604 0.060185
2 0.808594 0.375926 0.029687 0.087037
2 0.827865 0.284722 0.017188 0.050926
2 0.834896 0.250926 0.013542 0.031481
2 0.815365 0.228704 0.009896 0.025926
2 0.751042 0.198148 0.009375 0.018519
2 0.631510 0.218056 0.016146 0.037963
2 0.693490 0.198148 0.007812 0.025926
2 0.685937 0.206019 0.010417 0.028704
2 0.671094 0.187500 0.009896 0.021296
2 0.677344 0.175926 0.007812 0.018519
2 0.620313 0.174074 0.008333 0.018519
2 0.615365 0.165278 0.007812 0.017593
2 0.560937 0.166204 0.009375 0.017593
2 0.572917 0.158333 0.007292 0.014815
2 0.476042 0.155556 0.007292 0.014815
2 0.515365 0.159259 0.007812 0.016667
2 0.544271 0.156019 0.006250 0.013889
