2 0.540625 0.207407 0.007292 0.022222
2 0.526042 0.213426 0.010417 0.026852
2 0.492188 0.219907 0.012500 0.032407
2 0.244792 0.317593 0.032292 0.070370
2 0.386458 0.244444 0.021875 0.044444
2 0.714063 0.437500 0.052083 0.125000
2 0.636719 0.318519 0.032813 0.077778
2 0.641667 0.260648 0.019792 0.054630
2 0.688542 0.239815 0.017708 0.038889
2 0.676562 0.206481 0.010417 0.027778
2 0.644792 0.193981 0.008333 0.019444
2 0.663021 0.199537 0.008333 0.021296
1 0.534896 0.199537 0.006250 0.017593
1 0.613542 0.187963 0.008333 0.018519
