0 0.874740 0.264815 0.005729 0.016667
0 0.885938 0.271296 0.009375 0.020370
0 0.921875 0.303241 0.012500 0.034259
0 0.982552 0.369444 0.018229 0.048148
0 0.970313 0.314352 0.008333 0.023148
0 0.938021 0.295833 0.006250 0.015741
2 0.805208 0.476852 0.055208 0.120370
2 0.654167 0.223611 0.012500 0.034259
2 0.677344 0.276389 0.020313 0.056481
2 0.222135 0.414815 0.044271 0.100000
2 0.400781 0.244444 0.021354 0.046296
2 0.480729 0.201389 0.012500 0.028704
2 0.522917 0.186111 0.007292 0.022222
2 0.562240 0.179167 0.008854 0.017593
2 0.595313 0.178704 0.006250 0.016667
2 0.632292 0.182407 0.006250 0.014815
2 0.672656 0.200926 0.007812 0.020370
