2 0.176563 0.506481 0.057292 0.137037
2 0.279167 0.343981 0.031250 0.082407
2 0.845833 0.514815 0.059375 0.148148
2 0.642969 0.280556 0.031771 0.068519
2 0.268490 0.282407 0.025521 0.055556
2 0.233073 0.225926 0.013021 0.029630
2 0.466146 0.212963 0.019792 0.042593
2 0.329688 0.209722 0.014583 0.034259
2 0.190885 0.275000 0.019271 0.044444
2 0.083594 0.256481 0.007812 0.014815
2 0.103646 0.293056 0.016667 0.036111
2 0.129167 0.243981 0.010417 0.021296
2 0.140365 0.245833 0.009896 0.023148
2 0.175521 0.239352 0.012500 0.026852
2 0.192448 0.210648 0.006771 0.013889
2 0.026042 0.305556 0.010417 0.022222
2 0.037760 0.287963 0.008854 0.018519
2 0.055990 0.302315 0.015104 0.034259
