2 0.074740 0.530556 0.054688 0.125926
2 0.687240 0.436574 0.051562 0.123148
2 0.234896 0.322685 0.027083 0.069444
2 0.320573 0.242593 0.018229 0.042593
2 0.563542 0.281019 0.029167 0.067593
2 0.525521 0.235185 0.018750 0.048148
2 0.410938 0.200926 0.014583 0.031481
2 0.515365 0.180093 0.010937 0.026852
2 0.546094 0.207407 0.014063 0.037037
2 0.595313 0.195370 0.013542 0.033333
2 0.621615 0.178241 0.009896 0.023148
2 0.690365 0.197222 0.009896 0.025926
2 0.695312 0.181481 0.007292 0.020370
2 0.728646 0.184259 0.007292 0.018519
2 0.743490 0.185648 0.005729 0.013889
2 0.769792 0.205556 0.009375 0.024074
2 0.810937 0.209259 0.008333 0.022222
2 0.826562 0.209259 0.007292 0.016667
