2 0.903385 0.239815 0.007812 0.016667
2 0.890365 0.236574 0.007812 0.017593
2 0.882292 0.241204 0.006250 0.019444
2 0.912760 0.264352 0.008854 0.021296
2 0.930208 0.278704 0.009375 0.022222
2 0.940365 0.300926 0.010937 0.027778
2 0.860938 0.284259 0.016667 0.037037
2 0.968490 0.282407 0.007812 0.016667
2 0.985417 0.296296 0.007292 0.020370
2 0.083594 0.406481 0.032813 0.077778
2 0.796094 0.607407 0.054688 0.170370
2 0.809896 0.473148 0.048958 0.116667
2 0.398438 0.256019 0.026042 0.052778
2 0.928385 0.419907 0.031771 0.075000
2 0.694010 0.256019 0.021354 0.039815
