2 0.847917 0.772222 0.088542 0.231481
2 0.190365 0.381481 0.035937 0.092593
2 0.267188 0.281019 0.022917 0.062037
2 0.283594 0.248148 0.017188 0.048148
2 0.252865 0.230556 0.017188 0.037037
2 0.167187 0.249074 0.014583 0.031481
2 0.213021 0.237963 0.014583 0.031481
2 0.206510 0.222222 0.008854 0.024074
2 0.265365 0.208796 0.010937 0.021296
2 0.024219 0.300000 0.007812 0.020370
2 0.078646 0.274074 0.009375 0.020370
2 0.088542 0.281019 0.014583 0.032407
2 0.128385 0.249074 0.010937 0.027778
2 0.329688 0.195833 0.010417 0.025000
2 0.396094 0.190741 0.014063 0.029630
2 0.464062 0.193519 0.014583 0.033333
2 0.520312 0.206019 0.019792 0.043519
2 0.574740 0.245370 0.023438 0.057407
2 0.649219 0.353241 0.042188 0.097222
