2 0.702865 0.201852 0.007812 0.018519
2 0.709115 0.199537 0.005729 0.015741
2 0.674219 0.198611 0.007812 0.017593
2 0.653385 0.197685 0.009896 0.023148
2 0.643490 0.185185 0.007812 0.014815
2 0.644792 0.206481 0.010417 0.025926
2 0.645312 0.230556 0.014583 0.033333
2 0.789323 0.226852 0.006771 0.018519
2 0.153646 0.484722 0.052083 0.123148
2 0.377865 0.256944 0.023438 0.054630
2 0.458594 0.206019 0.013021 0.034259
2 0.512240 0.187037 0.013021 0.027778
2 0.609635 0.179630 0.006771 0.016667
2 0.580469 0.177778 0.007812 0.016667
2 0.546094 0.180556 0.007812 0.020370
2 0.847917 0.593519 0.063542 0.146296
2 0.676562 0.288426 0.026042 0.056481
0 0.863542 0.268056 0.011458 0.026852
0 0.884896 0.296759 0.015625 0.034259
0 0.939844 0.376389 0.023438 0.056481
0 0.952344 0.309259 0.009896 0.027778
0 0.928385 0.290278 0.007812 0.021296
