1 0.342969 0.356019 0.039062 0.087963
1 0.738021 0.442593 0.039583 0.111111
1 0.913542 0.790278 0.086458 0.187963
1 0.503125 0.383333 0.042708 0.096296
1 0.832552 0.340278 0.028646 0.060185
1 0.973698 0.384259 0.024479 0.057407
1 0.779167 0.296759 0.026042 0.054630
1 0.869792 0.299074 0.017708 0.042593
1 0.964063 0.320833 0.017708 0.039815
1 0.864583 0.259722 0.013542 0.030556
1 0.730208 0.263426 0.020833 0.045370
1 0.768750 0.237037 0.016667 0.033333
1 0.785937 0.217593 0.012500 0.024074
1 0.661198 0.218519 0.016146 0.033333
1 0.694010 0.240278 0.018229 0.039815
1 0.702604 0.201852 0.011458 0.025926
1 0.635417 0.202778 0.013542 0.029630
1 0.616927 0.188426 0.011979 0.025000
1 0.490365 0.169907 0.011979 0.021296
1 0.513281 0.174537 0.014063 0.017593
1 0.535937 0.175000 0.011458 0.024074
1 0.467187 0.170370 0.012500 0.016667
