1 0.579688 0.217130 0.014583 0.034259
1 0.402865 0.209259 0.014063 0.033333
2 0.769271 0.412037 0.044792 0.094444
2 0.162240 0.537500 0.055729 0.139815
2 0.339844 0.268056 0.021354 0.049074
2 0.283594 0.200463 0.008854 0.019444
2 0.615885 0.261574 0.021354 0.052778
2 0.504687 0.165741 0.007292 0.012963
2 0.492969 0.167593 0.007812 0.014815
2 0.483073 0.170370 0.006771 0.016667
2 0.462240 0.179167 0.009896 0.019444
2 0.434635 0.192593 0.011979 0.025926
0 0.596875 0.175000 0.006250 0.016667
0 0.605990 0.191204 0.008854 0.023148
0 0.617448 0.174537 0.006771 0.013889
0 0.647917 0.188426 0.007292 0.019444
0 0.652344 0.177315 0.005729 0.012037
0 0.677344 0.185648 0.006771 0.017593
2 0.580469 0.168981 0.004687 0.013889
