2 0.119271 0.477778 0.053125 0.122222
2 0.797396 0.594444 0.063542 0.168519
2 0.685417 0.303241 0.023958 0.065741
2 0.427344 0.234259 0.020313 0.048148
2 0.518490 0.205556 0.015104 0.037037
2 0.587240 0.196759 0.011979 0.026852
2 0.595833 0.171296 0.007292 0.016667
2 0.610417 0.177778 0.007292 0.016667
2 0.627083 0.186111 0.007292 0.020370
2 0.636458 0.195370 0.007292 0.022222
2 0.667448 0.181019 0.005729 0.013889
2 0.693490 0.191667 0.006771 0.014815
2 0.697917 0.259259 0.016667 0.044444
2 0.721615 0.238889 0.014063 0.035185
0 0.811719 0.262963 0.010937 0.029630
0 0.879167 0.280556 0.010417 0.020370
0 0.968490 0.362963 0.016146 0.037037
0 0.901563 0.283796 0.009375 0.025000
0 0.782813 0.230556 0.007292 0.018519
0 0.755990 0.218519 0.007812 0.018519
