2 0.219792 0.426852 0.040625 0.098148
2 0.339844 0.286574 0.023438 0.056481
2 0.374219 0.243056 0.017188 0.039815
2 0.384635 0.218519 0.013021 0.031481
2 0.684115 0.401389 0.040104 0.097222
2 0.621094 0.281019 0.024479 0.054630
2 0.580990 0.232407 0.015104 0.037037
2 0.549740 0.207870 0.014063 0.030556
2 0.367969 0.192593 0.010937 0.022222
2 0.354427 0.187500 0.007812 0.019444
2 0.332031 0.185185 0.007812 0.020370
2 0.426563 0.169907 0.006250 0.015741
2 0.474740 0.178704 0.009896 0.018519
2 0.504167 0.188426 0.010417 0.023148
2 0.303385 0.186111 0.005729 0.016667
2 0.285417 0.177778 0.004167 0.011111
2 0.351302 0.171759 0.004687 0.013889
