0 0.753646 0.292130 0.019792 0.047222
0 0.739844 0.393981 0.033854 0.086111
2 0.210417 0.368056 0.034375 0.076852
2 0.128646 0.245370 0.010417 0.022222
2 0.174740 0.217130 0.008854 0.019444
2 0.205208 0.220833 0.009375 0.021296
2 0.031250 0.284259 0.010417 0.024074
2 0.062760 0.260648 0.007812 0.019444
2 0.272135 0.193056 0.008854 0.019444
2 0.269531 0.210185 0.008854 0.024074
2 0.294271 0.219907 0.013542 0.030556
2 0.303906 0.252778 0.015104 0.042593
2 0.380729 0.181944 0.010417 0.023148
2 0.450000 0.191667 0.013542 0.031481
