2 0.667188 0.173611 0.006250 0.019444
2 0.662240 0.188889 0.008854 0.022222
2 0.654167 0.178704 0.007292 0.020370
2 0.680469 0.203704 0.010937 0.031481
2 0.706510 0.240278 0.015104 0.037963
2 0.720313 0.314352 0.028125 0.062037
2 0.723437 0.522685 0.050000 0.143519
2 0.150781 0.462500 0.043229 0.108333
2 0.434115 0.266667 0.023438 0.059259
2 0.520312 0.214815 0.015625 0.037037
2 0.540365 0.193519 0.011979 0.025926
2 0.551042 0.181019 0.009375 0.021296
2 0.563021 0.171759 0.008333 0.021296
2 0.574219 0.168519 0.007812 0.018519
2 0.626823 0.163426 0.005729 0.012037
2 0.609115 0.163889 0.005729 0.014815
2 0.593490 0.166204 0.006771 0.015741
