2 0.496615 0.118519 0.007812 0.014815
2 0.551823 0.137500 0.007812 0.019444
2 0.557292 0.122685 0.005208 0.013889
2 0.578385 0.166667 0.009896 0.024074
2 0.527344 0.186111 0.015104 0.038889
2 0.417969 0.233796 0.021354 0.047222
2 0.185156 0.366667 0.032813 0.079630
2 0.813542 0.736574 0.082292 0.199074
2 0.735677 0.457870 0.043229 0.108333
2 0.723437 0.296296 0.020833 0.055556
2 0.716927 0.231481 0.013021 0.033333
2 0.714583 0.198611 0.010417 0.025000
2 0.681771 0.175463 0.008333 0.017593
2 0.626302 0.147222 0.005729 0.014815
