0 0.934635 0.312500 0.011979 0.032407
0 0.834375 0.248611 0.011458 0.023148
0 0.904427 0.268519 0.009896 0.024074
2 0.265104 0.378704 0.040625 0.090741
2 0.759115 0.409259 0.042188 0.114815
2 0.434896 0.232870 0.018750 0.041667
2 0.558594 0.205093 0.016146 0.030556
2 0.674479 0.285185 0.022917 0.062963
2 0.631510 0.196759 0.010937 0.025000
2 0.719792 0.250000 0.016667 0.042593
2 0.751302 0.235185 0.013021 0.033333
2 0.719010 0.201389 0.008854 0.021296
2 0.721094 0.181481 0.006771 0.014815
2 0.679688 0.173148 0.005208 0.012963
2 0.838802 0.221759 0.006771 0.017593
2 0.817187 0.209259 0.006250 0.014815
2 0.755729 0.204167 0.007292 0.017593
1 0.588021 0.154167 0.006250 0.012037
1 0.567448 0.155093 0.005729 0.013889
