2 0.085417 0.631019 0.063542 0.145370
2 0.263542 0.366204 0.034375 0.078704
2 0.308594 0.293519 0.025521 0.059259
2 0.317188 0.259259 0.017708 0.044444
2 0.304688 0.218519 0.014583 0.031481
2 0.969792 0.690278 0.060417 0.200926
2 0.716667 0.337037 0.038542 0.081481
2 0.630990 0.262037 0.024479 0.055556
2 0.568490 0.225000 0.019271 0.044444
2 0.447917 0.184722 0.014583 0.030556
2 0.372917 0.172685 0.010417 0.019444
2 0.269792 0.201389 0.010417 0.025000
2 0.239063 0.191667 0.008333 0.020370
2 0.317188 0.169907 0.007292 0.019444
