1 0.219792 0.368981 0.030208 0.069444
1 0.618490 0.304630 0.030729 0.062963
2 0.081250 0.617593 0.062500 0.138889
2 0.837240 0.501389 0.058854 0.132407
2 0.249219 0.282870 0.019271 0.039815
2 0.487240 0.231944 0.016146 0.041667
2 0.416667 0.211574 0.010417 0.030556
2 0.366146 0.205556 0.011458 0.025926
2 0.247917 0.253704 0.012500 0.029630
2 0.232292 0.244907 0.011458 0.026852
2 0.230990 0.212037 0.006771 0.018519
2 0.261719 0.208333 0.007812 0.020370
2 0.304948 0.206019 0.009896 0.023148
2 0.197135 0.243056 0.007812 0.021296
2 0.122917 0.254167 0.007292 0.015741
2 0.144792 0.249537 0.007292 0.019444
2 0.167187 0.247222 0.008333 0.018519
