1 0.473958 0.210648 0.009375 0.019444
1 0.562760 0.194444 0.008854 0.018519
2 0.445573 0.202778 0.006771 0.014815
2 0.521875 0.187963 0.007292 0.014815
2 0.486198 0.227315 0.010937 0.025000
2 0.468490 0.238889 0.014063 0.033333
2 0.423958 0.257870 0.019792 0.041667
2 0.751563 0.592130 0.057292 0.175000
2 0.669271 0.354167 0.030208 0.084259
2 0.699219 0.287963 0.020313 0.055556
2 0.680208 0.249074 0.015625 0.038889
2 0.650781 0.226852 0.014063 0.031481
2 0.626302 0.210648 0.009896 0.025000
2 0.601823 0.201852 0.009896 0.024074
