2 0.019531 0.272222 0.006771 0.016667
2 0.044010 0.263889 0.007812 0.018519
2 0.072396 0.253241 0.008333 0.019444
2 0.077865 0.234722 0.006771 0.017593
2 0.110677 0.224074 0.006771 0.016667
2 0.109115 0.242593 0.008854 0.022222
2 0.142969 0.215278 0.007812 0.017593
2 0.188802 0.204167 0.006771 0.021296
2 0.154948 0.233333 0.007812 0.022222
2 0.183333 0.231019 0.010417 0.025000
2 0.216406 0.234259 0.013021 0.029630
2 0.249740 0.194907 0.008854 0.023148
2 0.301302 0.189815 0.008854 0.025926
2 0.363802 0.190741 0.010937 0.029630
2 0.290104 0.277778 0.020833 0.050000
2 0.308073 0.311111 0.024479 0.061111
2 0.301823 0.368519 0.031771 0.083333
2 0.259896 0.470370 0.046875 0.118519
2 0.132031 0.749537 0.082812 0.200926
2 0.539062 0.226389 0.019792 0.045370
2 0.646094 0.274537 0.026562 0.056481
2 0.904167 0.515741 0.046875 0.107407
2 0.753906 0.355093 0.038021 0.082407
1 0.452344 0.203241 0.015104 0.030556
1 0.263021 0.247222 0.015625 0.038889
