2 0.906510 0.682870 0.067187 0.163889
2 0.413281 0.259259 0.026562 0.061111
2 0.699219 0.318981 0.029687 0.078704
2 0.557031 0.197685 0.016146 0.036111
2 0.725260 0.243981 0.017188 0.043519
2 0.635938 0.185648 0.013542 0.028704
2 0.764844 0.228241 0.013021 0.032407
2 0.700521 0.189815 0.010417 0.020370
2 0.764583 0.197222 0.007292 0.018519
2 0.802344 0.225926 0.010937 0.027778
2 0.849479 0.233333 0.009375 0.022222
2 0.834375 0.213426 0.007292 0.019444
2 0.960417 0.272685 0.008333 0.017593
2 0.920312 0.244907 0.007292 0.015741
2 0.899479 0.246759 0.009375 0.023148
2 0.974219 0.269907 0.006771 0.015741
