0 0.896875 0.287500 0.006250 0.021296
0 0.954688 0.327315 0.010417 0.028704
0 0.969010 0.324074 0.007812 0.020370
2 0.325781 0.297685 0.027604 0.063889
2 0.707552 0.336574 0.029687 0.071296
2 0.650521 0.245370 0.016667 0.042593
2 0.425260 0.218519 0.016146 0.037037
2 0.653646 0.215278 0.011458 0.028704
2 0.624740 0.185185 0.007812 0.022222
2 0.580729 0.182870 0.009375 0.021296
2 0.533073 0.182407 0.011979 0.024074
2 0.668229 0.193981 0.008333 0.021296
2 0.686198 0.212963 0.010937 0.024074
2 0.718229 0.206944 0.007292 0.019444
2 0.744271 0.222685 0.009375 0.025000
2 0.767969 0.223148 0.005729 0.018519
2 0.791667 0.237963 0.009375 0.022222
2 0.808073 0.239352 0.006771 0.017593
2 0.836719 0.254167 0.007812 0.019444
