2 0.574740 0.168519 0.006771 0.018519
2 0.582812 0.179630 0.008333 0.022222
2 0.588542 0.195833 0.009375 0.026852
2 0.592187 0.227315 0.015625 0.039815
2 0.578385 0.296296 0.028646 0.072222
2 0.491927 0.169907 0.006771 0.015741
2 0.477604 0.181019 0.008333 0.019444
2 0.453906 0.197222 0.009896 0.024074
2 0.846615 0.347222 0.029687 0.070370
2 0.726042 0.320370 0.028125 0.074074
2 0.397656 0.229167 0.015104 0.032407
2 0.291406 0.291204 0.021354 0.049074
2 0.504687 0.157870 0.006250 0.012037
1 0.498958 0.162037 0.006250 0.014815
1 0.605469 0.158796 0.005729 0.012037
1 0.616667 0.171296 0.008333 0.016667
1 0.597656 0.168519 0.006771 0.016667
1 0.582812 0.157870 0.006250 0.013889
1 0.688281 0.176389 0.006771 0.015741
