2 0.041146 0.586111 0.058333 0.133333
2 0.794792 0.583796 0.067708 0.175000
2 0.252865 0.326389 0.031771 0.080556
2 0.310417 0.249074 0.018750 0.055556
2 0.246615 0.214352 0.014063 0.030556
2 0.285938 0.207870 0.014583 0.034259
2 0.320312 0.221296 0.017708 0.042593
2 0.291667 0.191667 0.011458 0.018519
2 0.354687 0.181019 0.011458 0.025000
2 0.235417 0.203241 0.008333 0.023148
2 0.159115 0.225926 0.009896 0.020370
2 0.202344 0.224074 0.011979 0.031481
2 0.109635 0.245833 0.009896 0.021296
2 0.124740 0.250000 0.014063 0.031481
2 0.023438 0.297685 0.013542 0.030556
2 0.055990 0.268056 0.007812 0.019444
2 0.420833 0.180093 0.012500 0.025000
2 0.486719 0.182870 0.014063 0.034259
2 0.539844 0.196296 0.020313 0.038889
2 0.590365 0.230556 0.021354 0.053704
2 0.654167 0.318519 0.034375 0.083333
