2 0.867969 0.435185 0.045312 0.111111
2 0.262240 0.459259 0.049479 0.124074
2 0.361719 0.269444 0.020313 0.057407
2 0.387240 0.226389 0.016146 0.037963
2 0.400521 0.205093 0.012500 0.028704
2 0.453646 0.187500 0.011458 0.025000
2 0.554167 0.180093 0.007292 0.021296
2 0.583073 0.211574 0.015104 0.030556
2 0.639844 0.245370 0.021354 0.050000
2 0.597917 0.205556 0.011458 0.029630
2 0.629687 0.205093 0.010417 0.028704
2 0.686458 0.195370 0.007292 0.018519
2 0.714844 0.217130 0.010937 0.026852
2 0.991667 0.295833 0.008333 0.023148
2 0.974219 0.256481 0.005729 0.014815
2 0.905990 0.248611 0.007812 0.019444
2 0.802344 0.219907 0.008854 0.021296
2 0.849740 0.254630 0.011979 0.027778
2 0.958073 0.287963 0.010937 0.027778
