2 0.041667 0.762500 0.079167 0.187963
2 0.192188 0.380093 0.031250 0.086111
2 0.261198 0.279630 0.020313 0.051852
2 0.310156 0.228241 0.015104 0.034259
2 0.379688 0.196296 0.011458 0.025926
2 0.482031 0.215278 0.016146 0.037963
2 0.469531 0.175463 0.009896 0.023148
2 0.896875 0.590741 0.058333 0.164815
2 0.591927 0.304630 0.032813 0.075926
2 0.512240 0.241667 0.021354 0.044444
2 0.498958 0.195833 0.012500 0.030556
2 0.539844 0.185185 0.011979 0.025926
2 0.563802 0.169907 0.006771 0.017593
2 0.622656 0.183796 0.008854 0.021296
2 0.632292 0.170833 0.008333 0.017593
2 0.661979 0.171759 0.007292 0.013889
2 0.696094 0.187037 0.008854 0.020370
2 0.677344 0.172222 0.005729 0.012963
2 0.735417 0.189352 0.007292 0.015741
