0 0.641667 0.197685 0.010417 0.023148
0 0.667188 0.198148 0.007292 0.018519
0 0.706250 0.202315 0.006250 0.015741
0 0.676042 0.239815 0.013542 0.038889
0 0.723698 0.228241 0.010937 0.026852
0 0.735156 0.206019 0.005729 0.013889
0 0.751042 0.222222 0.008333 0.020370
0 0.754948 0.211111 0.005729 0.012963
0 0.771354 0.221759 0.007292 0.017593
0 0.788542 0.223148 0.006250 0.012963
0 0.802865 0.226852 0.004687 0.012963
1 0.285677 0.299537 0.029687 0.062037
1 0.671094 0.349537 0.034896 0.078704
2 0.192708 0.231944 0.010417 0.026852
2 0.385417 0.233796 0.017708 0.041667
2 0.446875 0.200000 0.013542 0.029630
2 0.482812 0.187037 0.010417 0.022222
2 0.498958 0.180556 0.008333 0.020370
2 0.515365 0.176389 0.007812 0.019444
2 0.540625 0.170833 0.006250 0.015741
2 0.562760 0.172222 0.005729 0.012963
2 0.587500 0.173148 0.005208 0.011111
2 0.618229 0.187963 0.006250 0.018519
2 0.625521 0.184259 0.005208 0.014815
2 0.634115 0.183796 0.004687 0.013889
2 0.608333 0.177315 0.005208 0.012037
