2 0.309896 0.178704 0.005208 0.014815
2 0.326562 0.182870 0.006250 0.017593
2 0.357812 0.189815 0.009375 0.022222
2 0.365365 0.169444 0.006771 0.012963
2 0.394271 0.172685 0.008333 0.017593
2 0.382812 0.200000 0.011458 0.025926
2 0.405208 0.232870 0.016667 0.043519
2 0.376823 0.273611 0.023438 0.058333
2 0.163021 0.489352 0.053125 0.132407
2 0.436719 0.179630 0.008854 0.018519
2 0.501563 0.192130 0.010417 0.025000
2 0.870313 0.640741 0.064583 0.174074
2 0.711198 0.318056 0.027604 0.065741
2 0.582292 0.215278 0.014583 0.032407
