0 0.966146 0.289352 0.011458 0.032407
0 0.917708 0.404630 0.023958 0.061111
0 0.881771 0.331944 0.015625 0.045370
0 0.636979 0.254630 0.013542 0.033333
2 0.750260 0.558796 0.064062 0.160185
2 0.620833 0.335648 0.032292 0.076852
2 0.232292 0.350463 0.029167 0.069444
2 0.312500 0.271296 0.020833 0.042593
2 0.359115 0.236574 0.013021 0.032407
2 0.297656 0.199537 0.007812 0.017593
2 0.327344 0.204630 0.007812 0.020370
2 0.342448 0.207407 0.007812 0.020370
2 0.275521 0.196759 0.006250 0.019444
2 0.507552 0.220833 0.009896 0.028704
2 0.486719 0.213889 0.009896 0.024074
2 0.459896 0.207407 0.009375 0.022222
2 0.371875 0.191204 0.007292 0.015741
2 0.409896 0.196296 0.009375 0.020370
2 0.440104 0.201389 0.010417 0.021296
2 0.343490 0.188426 0.005729 0.017593
2 0.313281 0.186111 0.006771 0.014815
