2 0.205469 0.428241 0.048438 0.115741
2 0.338542 0.298611 0.031250 0.069444
2 0.440365 0.229630 0.020313 0.046296
2 0.766667 0.505556 0.058333 0.135185
2 0.489844 0.204630 0.014063 0.031481
2 0.517969 0.185185 0.010937 0.031481
2 0.526563 0.174074 0.008333 0.022222
2 0.565885 0.162037 0.006771 0.020370
2 0.681250 0.320370 0.028125 0.074074
2 0.672917 0.264815 0.020833 0.048148
2 0.673958 0.231944 0.014583 0.036111
2 0.667188 0.210648 0.011458 0.030556
2 0.655990 0.192130 0.009896 0.023148
2 0.635938 0.180556 0.009375 0.020370
2 0.607552 0.170833 0.008854 0.019444
2 0.463542 0.157870 0.007292 0.015741
2 0.478906 0.155093 0.005729 0.013889
2 0.491667 0.160648 0.007292 0.019444
2 0.511979 0.163889 0.008333 0.020370
2 0.433594 0.156944 0.008854 0.017593
2 0.383073 0.160185 0.007812 0.020370
2 0.315885 0.169444 0.006771 0.018519
2 0.251042 0.179630 0.007292 0.016667
2 0.269271 0.169907 0.005208 0.015741
