1 0.252344 0.229167 0.016146 0.036111
1 0.422917 0.187500 0.013542 0.028704
2 0.203646 0.503241 0.057292 0.128704
2 0.301302 0.311111 0.025521 0.064815
2 0.281510 0.249074 0.018229 0.044444
2 0.276042 0.368519 0.035417 0.085185
2 0.958854 0.644444 0.062500 0.153704
2 0.771094 0.388889 0.034896 0.079630
2 0.667969 0.290741 0.028646 0.062963
2 0.588281 0.237500 0.022396 0.049074
2 0.499219 0.203704 0.018229 0.038889
2 0.280729 0.180093 0.008333 0.023148
2 0.341667 0.179167 0.009375 0.026852
2 0.205990 0.220833 0.010937 0.028704
2 0.231250 0.186111 0.008333 0.020370
2 0.171094 0.219444 0.008854 0.022222
2 0.171615 0.197222 0.006771 0.018519
2 0.126562 0.209259 0.007292 0.018519
2 0.142708 0.224074 0.008333 0.020370
2 0.031250 0.256481 0.006250 0.016667
2 0.058854 0.246759 0.006250 0.017593
2 0.006510 0.267130 0.005729 0.015741
