2 0.243229 0.369907 0.040625 0.093519
2 0.387760 0.243981 0.025521 0.054630
2 0.750521 0.422685 0.047917 0.113889
2 0.478646 0.202315 0.016667 0.039815
2 0.587240 0.183333 0.014063 0.029630
2 0.671615 0.284722 0.024479 0.065741
2 0.679688 0.241204 0.016667 0.047222
2 0.719271 0.225000 0.015625 0.035185
2 0.709115 0.192593 0.009896 0.022222
2 0.790365 0.227315 0.011979 0.028704
2 0.814583 0.215741 0.009375 0.024074
2 0.871615 0.249537 0.010937 0.028704
2 0.908594 0.248148 0.007812 0.020370
2 0.964063 0.286574 0.010417 0.026852
