2 0.973177 0.566204 0.053646 0.137963
2 0.179948 0.640741 0.069271 0.183333
2 0.735417 0.305556 0.031250 0.070370
2 0.328125 0.356481 0.029167 0.077778
2 0.342708 0.294444 0.022917 0.055556
2 0.456510 0.171759 0.009896 0.021296
2 0.326562 0.206944 0.010417 0.025000
2 0.317969 0.189352 0.008854 0.019444
2 0.329948 0.175000 0.007812 0.016667
2 0.364063 0.153704 0.007292 0.016667
2 0.632292 0.236574 0.022917 0.050926
2 0.445052 0.139815 0.006771 0.016667
2 0.465885 0.126389 0.005729 0.013889
2 0.395833 0.135185 0.005208 0.014815
1 0.529687 0.194907 0.015625 0.034259
1 0.348438 0.243056 0.016667 0.039815
