2 0.166667 0.493056 0.044792 0.126852
2 0.177865 0.339815 0.024479 0.066667
2 0.201563 0.277315 0.016667 0.045370
2 0.228646 0.239352 0.014583 0.030556
2 0.283594 0.207870 0.010937 0.023148
2 0.663542 0.343519 0.038542 0.088889
2 0.476042 0.254630 0.023958 0.055556
2 0.410417 0.225000 0.015625 0.042593
2 0.381771 0.210648 0.012500 0.030556
2 0.362240 0.182407 0.007812 0.020370
2 0.392188 0.194444 0.011458 0.027778
2 0.426823 0.183796 0.011979 0.025000
2 0.447396 0.168519 0.007292 0.018519
2 0.501042 0.173148 0.008333 0.018519
2 0.509115 0.164352 0.006771 0.013889
2 0.536979 0.162037 0.006250 0.016667
2 0.566406 0.171296 0.006771 0.020370
2 0.603646 0.168519 0.008333 0.016667
