2 0.899740 0.768519 0.089063 0.212963
2 0.196094 0.398611 0.045312 0.106481
2 0.330990 0.290741 0.034896 0.075926
2 0.399740 0.243981 0.026562 0.060185
2 0.458073 0.218056 0.022396 0.049074
2 0.522917 0.192130 0.017708 0.037963
2 0.562240 0.179167 0.015104 0.028704
2 0.609896 0.168519 0.011458 0.025926
2 0.641667 0.166204 0.010417 0.021296
2 0.664844 0.161574 0.007812 0.019444
2 0.673698 0.156019 0.006771 0.017593
2 0.707812 0.364352 0.034375 0.099074
2 0.703646 0.270370 0.021875 0.059259
2 0.704167 0.234259 0.016667 0.044444
2 0.716667 0.214352 0.012500 0.034259
2 0.736719 0.205093 0.011979 0.028704
2 0.755208 0.198148 0.011458 0.024074
2 0.764583 0.192593 0.007292 0.020370
2 0.760417 0.174074 0.007292 0.016667
2 0.713542 0.156019 0.007292 0.013889
