2 0.221615 0.375000 0.034896 0.081481
2 0.392708 0.304630 0.031250 0.062963
2 0.839063 0.576389 0.052083 0.156481
2 0.534115 0.278241 0.028646 0.056481
2 0.895573 0.434722 0.031771 0.086111
2 0.916667 0.417130 0.020833 0.078704
2 0.902344 0.356944 0.020313 0.050926
2 0.879687 0.314352 0.017708 0.043519
2 0.851042 0.279167 0.013542 0.037963
2 0.802865 0.241667 0.013021 0.029630
2 0.623958 0.260185 0.023958 0.048148
2 0.651823 0.245833 0.015104 0.039815
2 0.652865 0.209259 0.010937 0.027778
2 0.664844 0.237500 0.013021 0.030556
2 0.595313 0.175000 0.007292 0.018519
2 0.696615 0.185648 0.007812 0.019444
2 0.650000 0.169444 0.006250 0.016667
2 0.449219 0.146759 0.006771 0.012037
1 0.632292 0.192593 0.010417 0.027778
1 0.755208 0.214815 0.009375 0.024074
