2 0.124219 0.535185 0.053646 0.120370
2 0.055208 0.304167 0.013542 0.030556
2 0.153125 0.274537 0.017708 0.036111
2 0.154167 0.241204 0.009375 0.023148
2 0.193229 0.271759 0.016667 0.041667
2 0.211719 0.224537 0.010937 0.026852
2 0.265885 0.265741 0.022396 0.046296
2 0.272656 0.212037 0.011979 0.027778
2 0.286979 0.294444 0.026042 0.061111
2 0.253646 0.356019 0.030208 0.082407
2 0.345573 0.200926 0.010937 0.031481
2 0.426042 0.197685 0.014583 0.032407
2 0.732292 0.344907 0.036458 0.080556
2 0.619271 0.246296 0.022917 0.053704
2 0.508333 0.208796 0.019792 0.039815
1 0.067969 0.275000 0.010937 0.027778
