2 0.841667 0.430556 0.041667 0.107407
2 0.379688 0.331019 0.036458 0.084259
2 0.476823 0.238889 0.018229 0.050000
2 0.478385 0.215278 0.016146 0.041667
2 0.442969 0.200000 0.014063 0.031481
2 0.547917 0.187500 0.011458 0.025000
2 0.719271 0.260648 0.021875 0.050926
2 0.654167 0.217130 0.016667 0.034259
2 0.369792 0.195370 0.011458 0.029630
2 0.446094 0.176852 0.010937 0.024074
2 0.364583 0.180556 0.008333 0.020370
2 0.176563 0.212963 0.007292 0.018519
2 0.184635 0.217593 0.008854 0.020370
2 0.202344 0.200000 0.005729 0.014815
2 0.231771 0.209722 0.010417 0.023148
2 0.256510 0.190278 0.006771 0.015741
2 0.276042 0.191204 0.008333 0.017593
2 0.289062 0.204167 0.010417 0.025000
2 0.312240 0.186111 0.007812 0.018519
