2 0.787240 0.526852 0.055729 0.148148
2 0.200781 0.468519 0.054688 0.140741
2 0.387500 0.267130 0.029167 0.063889
2 0.464323 0.212963 0.018229 0.040741
2 0.672917 0.303704 0.031250 0.072222
2 0.657552 0.240741 0.020313 0.046296
2 0.680729 0.221296 0.014583 0.035185
2 0.567708 0.189352 0.011458 0.030556
2 0.618229 0.182870 0.009375 0.023148
2 0.597135 0.162500 0.006771 0.019444
2 0.573958 0.156944 0.006250 0.017593
2 0.536979 0.152315 0.006250 0.013889
2 0.726562 0.207407 0.010417 0.025926
2 0.707292 0.187500 0.008333 0.021296
2 0.660417 0.169444 0.007292 0.016667
2 0.621615 0.158796 0.005729 0.013889
2 0.502865 0.150000 0.006771 0.014815
2 0.523177 0.144907 0.005729 0.013889
2 0.457031 0.147222 0.005729 0.014815
0 0.439583 0.142593 0.005208 0.011111
0 0.451302 0.143519 0.004687 0.012963
