2 0.717708 0.427315 0.042708 0.112037
2 0.237500 0.353241 0.038542 0.087963
2 0.457292 0.229167 0.021875 0.049074
2 0.619792 0.206481 0.014583 0.031481
2 0.705990 0.305093 0.023438 0.067593
2 0.837500 0.250000 0.009375 0.024074
2 0.837500 0.275463 0.012500 0.036111
2 0.758333 0.266667 0.016667 0.042593
2 0.740885 0.222685 0.011979 0.028704
2 0.983854 0.325463 0.009375 0.023148
2 0.978646 0.304630 0.006250 0.016667
2 0.932552 0.273611 0.006771 0.017593
2 0.893490 0.268981 0.008854 0.021296
2 0.878125 0.250463 0.007292 0.017593
2 0.923177 0.301852 0.010937 0.031481
