2 0.390104 0.183796 0.007292 0.017593
2 0.403125 0.187037 0.007292 0.018519
2 0.433333 0.202315 0.011458 0.028704
2 0.451042 0.194444 0.010417 0.025926
2 0.490104 0.183333 0.007292 0.016667
2 0.443490 0.188889 0.008854 0.020370
2 0.396354 0.231019 0.016667 0.043519
2 0.038802 0.635648 0.058854 0.147222
2 0.301042 0.317130 0.030208 0.065741
2 0.792969 0.747222 0.079687 0.198148
2 0.520052 0.185185 0.007812 0.020370
2 0.551562 0.190741 0.008333 0.020370
2 0.575521 0.200926 0.010417 0.025926
2 0.592969 0.216667 0.013021 0.027778
2 0.605208 0.248611 0.016667 0.041667
2 0.642188 0.342593 0.030208 0.072222
