2 0.168750 0.358333 0.034375 0.072222
2 0.742708 0.200463 0.007292 0.017593
2 0.760156 0.194444 0.005729 0.014815
2 0.777344 0.218981 0.008854 0.023148
2 0.784896 0.201389 0.006250 0.015741
2 0.741406 0.256481 0.018229 0.044444
2 0.799740 0.232870 0.009896 0.025000
2 0.555729 0.263426 0.022917 0.047222
2 0.789844 0.700926 0.075521 0.175926
2 0.812760 0.211111 0.004687 0.014815
2 0.844271 0.222222 0.005208 0.012963
2 0.855208 0.233796 0.006250 0.015741
2 0.848177 0.239352 0.007812 0.019444
2 0.875000 0.254167 0.007292 0.023148
2 0.909635 0.279630 0.009896 0.024074
2 0.938542 0.300463 0.011458 0.028704
2 0.964063 0.322685 0.011458 0.032407
2 0.982292 0.352315 0.013542 0.039815
2 0.962500 0.391667 0.019792 0.050000
2 0.876302 0.455093 0.033854 0.087963
2 0.894531 0.250000 0.006771 0.018519
2 0.938021 0.268519 0.006250 0.016667
2 0.871354 0.234722 0.005208 0.013889
