2 0.053906 0.520833 0.041146 0.099074
2 0.323437 0.270833 0.019792 0.047222
2 0.808854 0.517593 0.052083 0.124074
2 0.673438 0.299074 0.022917 0.057407
2 0.663281 0.232870 0.015104 0.034259
2 0.460677 0.208333 0.013021 0.029630
2 0.570833 0.192130 0.009375 0.021296
2 0.643490 0.190741 0.008854 0.018519
2 0.687240 0.193519 0.006771 0.014815
2 0.699740 0.217130 0.010937 0.026852
2 0.714063 0.196296 0.007292 0.016667
2 0.735677 0.214815 0.008854 0.024074
2 0.755729 0.203241 0.006250 0.017593
2 0.770833 0.218519 0.009375 0.020370
2 0.791667 0.210648 0.006250 0.015741
2 0.816927 0.227315 0.007812 0.019444
2 0.825000 0.218056 0.006250 0.015741
1 0.086458 0.286574 0.007292 0.017593
1 0.105469 0.282407 0.007812 0.018519
