2 0.103906 0.286111 0.009896 0.029630
2 0.115365 0.268981 0.009896 0.025000
2 0.226042 0.218056 0.007292 0.021296
2 0.233073 0.222222 0.009896 0.024074
2 0.242448 0.228704 0.009896 0.027778
2 0.252865 0.233333 0.011979 0.029630
2 0.282292 0.237037 0.014583 0.035185
2 0.102865 0.353241 0.020313 0.056481
2 0.144010 0.409722 0.029687 0.089815
2 0.171615 0.580093 0.058854 0.160185
2 0.337240 0.237963 0.018229 0.042593
2 0.390885 0.250000 0.022396 0.051852
2 0.475521 0.263426 0.027083 0.058333
2 0.864844 0.475000 0.051562 0.122222
2 0.662240 0.319444 0.038021 0.081481
