0 0.948958 0.298148 0.009375 0.020370
0 0.937500 0.320370 0.010417 0.027778
0 0.921094 0.288426 0.007812 0.019444
0 0.851562 0.261111 0.008333 0.022222
0 0.861198 0.252778 0.006771 0.016667
0 0.842708 0.241667 0.006250 0.018519
2 0.308073 0.301389 0.028646 0.069444
2 0.699740 0.362500 0.035937 0.091667
2 0.666927 0.262500 0.019271 0.050926
2 0.459115 0.216204 0.017188 0.041667
2 0.576823 0.194907 0.011979 0.026852
2 0.638281 0.194907 0.009896 0.025000
2 0.703125 0.233333 0.014583 0.033333
2 0.738542 0.231481 0.012500 0.027778
2 0.693750 0.200463 0.007292 0.017593
2 0.725000 0.193519 0.006250 0.012963
2 0.732552 0.197685 0.005729 0.012037
2 0.779167 0.233796 0.010417 0.025000
2 0.787500 0.210648 0.005208 0.012037
2 0.804167 0.220370 0.005208 0.012963
