2 0.602344 0.186574 0.007812 0.019444
2 0.614844 0.181944 0.007812 0.017593
2 0.584115 0.187963 0.006771 0.018519
2 0.559115 0.190741 0.007812 0.022222
2 0.525521 0.211574 0.013542 0.030556
2 0.565365 0.273611 0.023438 0.058333
2 0.601042 0.208796 0.010417 0.026852
2 0.626563 0.208333 0.013542 0.029630
2 0.674219 0.206481 0.010937 0.024074
2 0.700521 0.203241 0.010417 0.025000
2 0.512240 0.193519 0.007812 0.022222
2 0.472917 0.218056 0.014583 0.032407
2 0.495312 0.254167 0.017708 0.049074
2 0.459896 0.236574 0.015625 0.043519
2 0.457813 0.197685 0.008333 0.019444
2 0.876563 0.520833 0.053125 0.130556
2 0.691667 0.351852 0.038542 0.085185
2 0.405990 0.205556 0.010937 0.022222
2 0.352344 0.218519 0.011979 0.025926
2 0.315365 0.231019 0.014063 0.030556
2 0.272396 0.256944 0.015625 0.034259
2 0.238281 0.289352 0.016146 0.043519
2 0.243490 0.348611 0.025521 0.065741
2 0.107813 0.790278 0.081250 0.195370
2 0.223438 0.444907 0.035417 0.099074
1 0.624740 0.174537 0.005729 0.015741
1 0.710938 0.182407 0.006250 0.014815
