2 0.160156 0.451389 0.043229 0.108333
2 0.789583 0.481019 0.053125 0.137963
2 0.655729 0.323148 0.034375 0.077778
2 0.563281 0.261574 0.021354 0.058333
2 0.528125 0.230093 0.017708 0.043519
2 0.263542 0.307870 0.025000 0.060185
2 0.298698 0.262963 0.018229 0.044444
2 0.333854 0.232870 0.012500 0.036111
2 0.366927 0.208796 0.010937 0.028704
2 0.396094 0.193981 0.007812 0.023148
2 0.430990 0.171296 0.005729 0.016667
2 0.457552 0.168519 0.005729 0.018519
2 0.479687 0.167130 0.006250 0.017593
2 0.506771 0.167130 0.006250 0.015741
