2 0.279427 0.366667 0.038021 0.085185
2 0.742448 0.313889 0.021354 0.053704
2 0.796354 0.434722 0.038542 0.091667
2 0.741406 0.274537 0.016146 0.037963
2 0.472917 0.244907 0.019792 0.047222
2 0.440104 0.156944 0.006250 0.013889
2 0.460938 0.150926 0.005208 0.011111
2 0.479427 0.158333 0.005729 0.014815
2 0.499740 0.152315 0.005729 0.013889
2 0.518750 0.161574 0.006250 0.017593
2 0.541927 0.155556 0.005729 0.014815
2 0.572135 0.167130 0.006771 0.017593
2 0.585677 0.161111 0.005729 0.014815
2 0.633594 0.169444 0.006771 0.014815
2 0.648438 0.180556 0.007292 0.018519
2 0.538542 0.217130 0.016667 0.034259
2 0.572396 0.209259 0.013542 0.029630
2 0.627604 0.209259 0.012500 0.025926
2 0.672917 0.211574 0.010417 0.025000
2 0.710417 0.215278 0.009375 0.023148
2 0.703906 0.185185 0.006771 0.016667
2 0.733594 0.204167 0.008854 0.019444
2 0.780208 0.229630 0.007292 0.020370
2 0.768229 0.204167 0.006250 0.015741
2 0.750260 0.223611 0.009896 0.019444
2 0.797135 0.231944 0.007812 0.017593
2 0.771094 0.261111 0.011979 0.031481
2 0.802083 0.262500 0.010417 0.025000
2 0.812240 0.221759 0.006771 0.015741
2 0.896875 0.283796 0.008333 0.021296
2 0.904948 0.281019 0.008854 0.019444
2 0.870833 0.276389 0.010417 0.023148
2 0.837500 0.268519 0.010417 0.027778
2 0.854688 0.241667 0.007292 0.016667
2 0.881510 0.257870 0.006771 0.017593
