2 0.867188 0.921759 0.112500 0.156481
2 0.838542 0.464352 0.037500 0.106481
2 0.438542 0.285648 0.028125 0.058333
2 0.657292 0.188889 0.009375 0.022222
2 0.681771 0.201389 0.010417 0.026852
2 0.635156 0.238889 0.017188 0.042593
2 0.876823 0.348611 0.020313 0.049074
2 0.877344 0.295370 0.014063 0.040741
2 0.852865 0.267130 0.011979 0.032407
2 0.824219 0.246759 0.010937 0.030556
2 0.792708 0.230093 0.010417 0.021296
2 0.753646 0.209722 0.008333 0.021296
2 0.618750 0.176389 0.008333 0.017593
2 0.705729 0.188889 0.007292 0.018519
2 0.725000 0.199074 0.008333 0.018519
2 0.632812 0.167593 0.006250 0.014815
2 0.705990 0.225926 0.013021 0.029630
2 0.808854 0.212963 0.005208 0.014815
2 0.826823 0.215278 0.005729 0.015741
