2 0.030729 0.591667 0.060417 0.161111
2 0.876563 0.736574 0.087500 0.206481
2 0.742448 0.193981 0.006771 0.015741
2 0.763281 0.204630 0.006771 0.014815
2 0.759115 0.231019 0.010937 0.026852
2 0.723698 0.235648 0.015104 0.036111
2 0.654167 0.193519 0.008333 0.022222
2 0.594792 0.193056 0.012500 0.030556
2 0.524219 0.198148 0.016146 0.037037
2 0.360938 0.261111 0.027083 0.059259
2 0.691667 0.249074 0.017708 0.044444
2 0.680469 0.324074 0.026562 0.077778
0 0.812240 0.230093 0.005729 0.015741
0 0.834115 0.241204 0.006771 0.017593
0 0.840365 0.260648 0.009896 0.023148
0 0.909896 0.286574 0.008333 0.019444
0 0.935417 0.293519 0.008333 0.020370
0 0.954948 0.337500 0.011979 0.030556
