2 0.130729 0.756944 0.086458 0.212037
2 0.266146 0.394444 0.034375 0.100000
2 0.214844 0.309259 0.024479 0.064815
2 0.101823 0.268981 0.010937 0.026852
2 0.112500 0.282870 0.012500 0.034259
2 0.139323 0.296759 0.015104 0.047222
2 0.131771 0.244444 0.009375 0.020370
2 0.189323 0.212963 0.007812 0.018519
2 0.230208 0.219907 0.009375 0.026852
2 0.630729 0.278704 0.031250 0.068519
2 0.262240 0.218981 0.013021 0.030556
2 0.320052 0.218981 0.014063 0.036111
2 0.436198 0.222685 0.020313 0.045370
2 0.250781 0.199537 0.008854 0.017593
2 0.259635 0.187500 0.006771 0.013889
