2 0.237500 0.205556 0.007292 0.018519
2 0.269531 0.211574 0.009896 0.023148
2 0.329427 0.183333 0.006771 0.014815
2 0.319531 0.249074 0.017188 0.040741
2 0.331250 0.306944 0.022917 0.063889
2 0.258594 0.452315 0.041146 0.104630
2 0.369792 0.184722 0.007292 0.017593
2 0.427344 0.187963 0.008854 0.024074
2 0.508594 0.199537 0.014063 0.030556
2 0.564323 0.212500 0.016146 0.034259
2 0.945833 0.480093 0.040625 0.099074
2 0.685417 0.264815 0.022917 0.048148
1 0.307812 0.180093 0.007292 0.017593
1 0.226823 0.200000 0.007812 0.014815
0 0.312240 0.172222 0.005729 0.012963
0 0.332031 0.164815 0.004687 0.011111
