2 0.359635 0.350463 0.036979 0.091667
2 0.468750 0.207870 0.015625 0.034259
2 0.547917 0.182870 0.010417 0.026852
2 0.671615 0.275926 0.020313 0.051852
2 0.624740 0.222685 0.014063 0.037963
2 0.606510 0.177778 0.007812 0.020370
2 0.658594 0.200463 0.011979 0.030556
2 0.657813 0.177778 0.007292 0.016667
2 0.696615 0.195833 0.009896 0.021296
2 0.714323 0.181944 0.005729 0.015741
2 0.732292 0.195370 0.008333 0.022222
2 0.777344 0.201389 0.006771 0.019444
2 0.823438 0.210648 0.007292 0.017593
2 0.854688 0.211111 0.006250 0.018519
2 0.882292 0.228241 0.007292 0.013889
2 0.926042 0.243056 0.007292 0.017593
2 0.955990 0.251389 0.004687 0.013889
0 0.975260 0.455093 0.031771 0.084259
0 0.990365 0.288426 0.008854 0.019444
0 0.959896 0.288889 0.011458 0.025926
0 0.901042 0.282407 0.013542 0.037037
0 0.823438 0.284722 0.018750 0.043519
0 0.756510 0.293519 0.023438 0.050000
2 0.977344 0.264815 0.005729 0.016667
2 0.904427 0.229630 0.005729 0.012963
