2 0.217448 0.209722 0.006771 0.017593
2 0.274479 0.187963 0.006250 0.016667
2 0.299219 0.203704 0.009896 0.022222
2 0.323437 0.182870 0.007292 0.017593
2 0.339844 0.206481 0.009896 0.025926
2 0.361979 0.243056 0.015625 0.037963
2 0.332292 0.307407 0.026042 0.059259
2 0.040885 0.682870 0.064062 0.150926
2 0.382031 0.179167 0.006771 0.017593
2 0.416146 0.177778 0.007292 0.016667
2 0.476042 0.180556 0.010417 0.022222
2 0.546875 0.193519 0.012500 0.027778
2 0.598698 0.208796 0.016146 0.034259
2 0.853646 0.455556 0.046875 0.105556
2 0.705208 0.279630 0.025000 0.051852
