0 0.693750 0.229167 0.011458 0.026852
0 0.651042 0.214815 0.010417 0.027778
0 0.872656 0.291204 0.010937 0.030556
0 0.857552 0.302778 0.014063 0.035185
0 0.803125 0.314352 0.020833 0.049074
2 0.387500 0.168519 0.007292 0.014815
2 0.418229 0.181481 0.008333 0.020370
2 0.449219 0.158333 0.004687 0.012963
2 0.438281 0.186111 0.009896 0.022222
2 0.742708 0.533333 0.052083 0.157407
2 0.673958 0.310185 0.025000 0.070370
2 0.212760 0.376852 0.040104 0.096296
2 0.438281 0.151852 0.005729 0.011111
2 0.469271 0.164352 0.007292 0.015741
2 0.463542 0.195370 0.010417 0.027778
2 0.481771 0.219444 0.015625 0.035185
2 0.513021 0.174537 0.008333 0.019444
2 0.551042 0.184259 0.010417 0.020370
2 0.395833 0.255093 0.020833 0.045370
