2 0.798438 0.803241 0.089583 0.226852
2 0.225521 0.383333 0.034375 0.081481
2 0.303646 0.292593 0.020833 0.050000
2 0.334115 0.247685 0.016146 0.039815
2 0.341667 0.222685 0.014583 0.030556
2 0.331510 0.207870 0.009896 0.026852
2 0.319792 0.202778 0.010417 0.022222
2 0.298438 0.197685 0.007292 0.023148
2 0.638542 0.361111 0.035417 0.081481
2 0.270313 0.199537 0.007292 0.017593
2 0.327344 0.179630 0.006771 0.014815
2 0.405990 0.179167 0.008854 0.021296
2 0.457292 0.188426 0.010417 0.023148
2 0.486458 0.199074 0.012500 0.029630
2 0.538542 0.227315 0.015625 0.037963
2 0.576562 0.267593 0.022917 0.050000
