2 0.852865 0.751852 0.076563 0.188889
2 0.266146 0.378241 0.035417 0.082407
2 0.398698 0.215278 0.013021 0.028704
2 0.380729 0.190741 0.009375 0.022222
2 0.389323 0.236574 0.015104 0.036111
2 0.361719 0.271759 0.020313 0.047222
2 0.290885 0.186574 0.005729 0.013889
2 0.296875 0.177778 0.005208 0.012963
2 0.315625 0.184722 0.007292 0.015741
2 0.332292 0.173611 0.005208 0.010185
2 0.344531 0.184722 0.006771 0.017593
2 0.361458 0.171296 0.005208 0.012963
2 0.366146 0.187963 0.009375 0.020370
2 0.396615 0.170833 0.006771 0.013889
2 0.436458 0.171759 0.008333 0.015741
2 0.483854 0.178241 0.009375 0.019444
2 0.511198 0.187037 0.009896 0.024074
2 0.665104 0.359259 0.036458 0.081481
2 0.616927 0.267593 0.021354 0.050000
2 0.554167 0.206481 0.013542 0.027778
2 0.582292 0.228704 0.015625 0.035185
