2 0.373958 0.266204 0.025000 0.056481
2 0.112500 0.268981 0.009375 0.021296
2 0.009375 0.337037 0.010417 0.025926
2 0.058854 0.286111 0.009375 0.018519
2 0.157292 0.243981 0.009375 0.021296
2 0.191406 0.226852 0.008854 0.018519
2 0.232813 0.209259 0.007292 0.014815
2 0.267708 0.194907 0.005208 0.013889
2 0.485938 0.219907 0.018750 0.039815
2 0.579427 0.206944 0.016146 0.032407
2 0.648698 0.210648 0.015104 0.028704
2 0.713281 0.219907 0.011979 0.028704
2 0.726042 0.283333 0.023958 0.053704
2 0.725260 0.331019 0.026562 0.063889
2 0.759635 0.272685 0.018229 0.041667
2 0.736719 0.198148 0.006771 0.016667
2 0.707812 0.197685 0.007292 0.017593
2 0.666146 0.184722 0.008333 0.017593
2 0.768750 0.230093 0.011458 0.025000
2 0.760677 0.213426 0.008854 0.021296
2 0.778125 0.210648 0.006250 0.017593
2 0.790625 0.225463 0.008333 0.021296
2 0.797656 0.235185 0.008854 0.022222
2 0.799479 0.275926 0.016667 0.040741
2 0.808073 0.234259 0.007812 0.024074
2 0.822135 0.228704 0.005729 0.016667
2 0.850521 0.285185 0.016667 0.037037
2 0.866406 0.245370 0.006771 0.018519
2 0.894531 0.296759 0.017188 0.037963
2 0.952865 0.294444 0.008854 0.020370
2 0.941927 0.311111 0.014063 0.031481
2 0.925781 0.275926 0.008854 0.020370
1 0.809375 0.478704 0.045833 0.109259
1 0.265625 0.357870 0.039583 0.086111
0 0.091927 0.262037 0.006771 0.016667
0 0.112760 0.245833 0.006771 0.015741
0 0.175521 0.219444 0.005208 0.012963
1 0.289583 0.185185 0.006250 0.014815
0 0.045573 0.287037 0.007812 0.018519
2 0.693229 0.183796 0.006250 0.013889
2 0.606771 0.168981 0.006250 0.015741
2 0.583073 0.161111 0.005729 0.012963
