2 0.065885 0.503241 0.044271 0.110185
2 0.290885 0.344444 0.035937 0.079630
2 0.083073 0.247685 0.007812 0.017593
2 0.108854 0.229630 0.006250 0.016667
2 0.105729 0.248611 0.009375 0.026852
2 0.195052 0.237963 0.014063 0.029630
2 0.434375 0.219907 0.018750 0.039815
2 0.248177 0.200463 0.008854 0.021296
2 0.269531 0.227315 0.015104 0.034259
2 0.315625 0.193981 0.010417 0.023148
2 0.372656 0.218056 0.016146 0.036111
2 0.381250 0.188889 0.010417 0.024074
2 0.471354 0.244444 0.022917 0.044444
2 0.452344 0.184722 0.010937 0.025000
2 0.424219 0.271296 0.027604 0.055556
2 0.523698 0.187500 0.013021 0.026852
2 0.626563 0.203241 0.013542 0.028704
2 0.688281 0.223148 0.014063 0.033333
2 0.742188 0.255556 0.017708 0.042593
2 0.771094 0.278241 0.020313 0.043519
2 0.795573 0.314352 0.020313 0.052778
2 0.802344 0.377778 0.029687 0.074074
2 0.807813 0.475000 0.043750 0.103704
2 0.850521 0.751852 0.071875 0.192593
