2 0.361719 0.215741 0.007812 0.024074
2 0.368750 0.229630 0.011458 0.031481
2 0.383594 0.261574 0.019271 0.045370
2 0.389844 0.196296 0.006771 0.018519
2 0.462240 0.185185 0.005729 0.016667
2 0.350781 0.358333 0.031771 0.090741
2 0.488542 0.197685 0.008333 0.017593
2 0.498177 0.193519 0.007812 0.020370
2 0.519792 0.192593 0.007292 0.020370
2 0.525781 0.206944 0.011979 0.028704
2 0.794531 0.356944 0.033854 0.080556
2 0.564063 0.183796 0.006250 0.015741
2 0.581250 0.193056 0.007292 0.017593
2 0.618750 0.237037 0.017708 0.042593
2 0.678646 0.202778 0.009375 0.018519
2 0.651823 0.190278 0.006771 0.013889
2 0.762500 0.212037 0.008333 0.020370
2 0.792969 0.214815 0.006771 0.016667
2 0.734635 0.196759 0.006771 0.013889
2 0.748177 0.196296 0.005729 0.012963
2 0.719010 0.194907 0.006771 0.013889
2 0.754687 0.194444 0.005208 0.011111
2 0.808073 0.214352 0.007812 0.019444
