0 0.689844 0.244444 0.014063 0.033333
0 0.716667 0.239352 0.011458 0.028704
0 0.755990 0.237037 0.010937 0.022222
0 0.781771 0.237500 0.006250 0.019444
0 0.796354 0.240278 0.006250 0.015741
0 0.815365 0.243981 0.005729 0.013889
0 0.857292 0.456481 0.036458 0.094444
0 0.848437 0.332870 0.017708 0.049074
0 0.842708 0.288426 0.012500 0.030556
0 0.846615 0.274074 0.008854 0.022222
0 0.855990 0.264352 0.005729 0.015741
2 0.346615 0.279167 0.022396 0.056481
2 0.085938 0.517593 0.059375 0.127778
2 0.434635 0.227315 0.019271 0.037963
2 0.467187 0.206019 0.014583 0.032407
2 0.494010 0.194907 0.013021 0.028704
2 0.530208 0.187500 0.009375 0.019444
2 0.559115 0.184259 0.007812 0.016667
2 0.589063 0.184722 0.006250 0.013889
2 0.611458 0.188426 0.006250 0.012037
2 0.642969 0.219444 0.010937 0.025926
2 0.651563 0.200926 0.005208 0.016667
2 0.664583 0.202315 0.006250 0.013889
