2 0.223438 0.498611 0.058333 0.137963
2 0.519271 0.260185 0.026042 0.055556
2 0.585938 0.218056 0.014583 0.037963
2 0.589844 0.202778 0.011979 0.033333
2 0.557292 0.187500 0.014583 0.030556
2 0.493490 0.179167 0.009896 0.025000
2 0.559115 0.169444 0.009896 0.020370
2 0.649740 0.187037 0.010937 0.022222
2 0.840365 0.356019 0.029687 0.075000
2 0.784896 0.256481 0.019792 0.042593
2 0.738542 0.220370 0.014583 0.033333
2 0.322917 0.179167 0.007292 0.017593
2 0.312240 0.175926 0.007812 0.016667
2 0.367448 0.178704 0.008854 0.020370
2 0.331510 0.168519 0.005729 0.012963
2 0.485938 0.166204 0.008333 0.019444
2 0.420312 0.177315 0.010417 0.023148
2 0.436719 0.165741 0.007812 0.018519
2 0.384115 0.164352 0.007812 0.015741
2 0.402865 0.167130 0.007812 0.015741
2 0.446615 0.150926 0.006771 0.012963
2 0.416667 0.155556 0.005208 0.012963
