2 0.034896 0.664815 0.058333 0.148148
2 0.968750 0.788426 0.062500 0.176852
2 0.252344 0.347222 0.029687 0.068519
2 0.186198 0.206944 0.005729 0.015741
2 0.255990 0.183333 0.004687 0.012963
2 0.225521 0.207407 0.007292 0.018519
2 0.270313 0.214352 0.009375 0.025000
2 0.304167 0.245833 0.014583 0.036111
2 0.296615 0.274537 0.017188 0.043519
2 0.313542 0.181019 0.008333 0.015741
2 0.381510 0.180556 0.009896 0.024074
2 0.657813 0.300463 0.033333 0.071296
2 0.478646 0.193519 0.012500 0.031481
2 0.520833 0.206481 0.013542 0.037037
2 0.566406 0.231019 0.021354 0.049074
