2 0.136458 0.206481 0.007292 0.018519
2 0.190365 0.191204 0.008854 0.019444
2 0.223438 0.172222 0.007292 0.016667
2 0.240625 0.179630 0.009375 0.020370
2 0.943750 0.791667 0.079167 0.179630
2 0.271875 0.162500 0.007292 0.015741
2 0.292448 0.171759 0.008854 0.019444
2 0.324479 0.155556 0.008333 0.018519
2 0.361719 0.163889 0.009896 0.022222
2 0.266667 0.331481 0.033333 0.072222
2 0.349479 0.265741 0.027083 0.057407
2 0.380208 0.150463 0.007292 0.015741
2 0.441406 0.147685 0.007812 0.017593
2 0.447917 0.226389 0.020833 0.041667
2 0.463281 0.160648 0.008854 0.023148
2 0.513021 0.207870 0.014583 0.036111
2 0.529948 0.150463 0.007812 0.019444
2 0.562760 0.199537 0.014063 0.030556
2 0.574740 0.169444 0.009896 0.025926
2 0.608854 0.160185 0.007292 0.018519
2 0.611198 0.197222 0.010937 0.025926
2 0.632552 0.182407 0.010937 0.022222
2 0.644531 0.195833 0.009896 0.025000
2 0.662240 0.193981 0.009896 0.023148
2 0.663021 0.171296 0.008333 0.018519
2 0.715104 0.188889 0.008333 0.020370
2 0.778646 0.220833 0.008333 0.023148
2 0.779948 0.248148 0.011979 0.029630
2 0.798177 0.244907 0.010937 0.026852
2 0.751823 0.204630 0.007812 0.020370
2 0.751563 0.251852 0.013542 0.033333
2 0.723698 0.261111 0.016146 0.038889
2 0.709115 0.290278 0.021354 0.052778
2 0.733854 0.393981 0.036458 0.089815
