1 0.620833 0.179630 0.010417 0.025926
1 0.643229 0.183333 0.010417 0.016667
1 0.656771 0.182870 0.008333 0.019444
1 0.691667 0.186574 0.008333 0.019444
1 0.706771 0.190741 0.010417 0.014815
1 0.730990 0.193056 0.008854 0.017593
1 0.712500 0.242130 0.015625 0.041667
1 0.751042 0.220833 0.013542 0.028704
1 0.774219 0.202315 0.006771 0.019444
1 0.778646 0.228241 0.011458 0.026852
1 0.767448 0.260648 0.018229 0.039815
1 0.813542 0.232870 0.009375 0.025000
1 0.806250 0.244907 0.012500 0.028704
1 0.825781 0.286574 0.016146 0.041667
1 0.460677 0.194444 0.011979 0.029630
1 0.852865 0.241667 0.010937 0.024074
1 0.887500 0.279167 0.014583 0.034259
1 0.898698 0.318519 0.016146 0.044444
2 0.880990 0.486574 0.049479 0.126852
2 0.669271 0.248611 0.019792 0.049074
2 0.428906 0.236574 0.018229 0.043519
2 0.487500 0.165278 0.007292 0.017593
2 0.476042 0.177315 0.009375 0.023148
2 0.281250 0.434722 0.046875 0.110185
2 0.575000 0.166204 0.008333 0.019444
2 0.592708 0.181019 0.009375 0.021296
