2 0.916667 0.626852 0.064583 0.146296
2 0.193750 0.498148 0.053125 0.131481
2 0.335156 0.251852 0.014063 0.033333
2 0.385677 0.274537 0.023438 0.050926
2 0.347656 0.337963 0.034896 0.079630
2 0.732552 0.348148 0.033854 0.070370
2 0.635938 0.260648 0.022917 0.049074
2 0.564063 0.236111 0.019792 0.042593
2 0.401042 0.195833 0.007292 0.017593
2 0.379427 0.209722 0.008854 0.025000
2 0.490104 0.200926 0.009375 0.022222
2 0.480729 0.213889 0.011458 0.027778
2 0.507292 0.223611 0.014583 0.036111
2 0.483594 0.180556 0.006771 0.016667
2 0.474740 0.177315 0.004687 0.012037
