1 0.914062 0.296296 0.013542 0.031481
1 0.881250 0.294907 0.015625 0.034259
1 0.856510 0.290278 0.018229 0.039815
1 0.860938 0.367130 0.023958 0.065741
1 0.937240 0.334259 0.016146 0.038889
1 0.955990 0.417130 0.025521 0.069444
1 0.436458 0.243981 0.016667 0.041667
1 0.683073 0.214815 0.010937 0.020370
1 0.657813 0.211574 0.012500 0.026852
1 0.698438 0.211111 0.010417 0.024074
1 0.755469 0.220833 0.011979 0.017593
1 0.737500 0.216204 0.010417 0.021296
1 0.782552 0.224537 0.009896 0.021296
2 0.833333 0.416204 0.039583 0.097222
2 0.340365 0.382407 0.036979 0.088889
2 0.494010 0.174074 0.005729 0.016667
2 0.485156 0.184722 0.006771 0.019444
2 0.466406 0.205093 0.013021 0.028704
2 0.574479 0.175926 0.006250 0.016667
2 0.594010 0.187963 0.007812 0.022222
2 0.623698 0.210185 0.013021 0.031481
