2 0.829688 0.431944 0.043750 0.106481
2 0.319010 0.387037 0.042188 0.096296
2 0.628125 0.218519 0.015625 0.040741
2 0.663802 0.189352 0.011979 0.026852
2 0.676042 0.269444 0.025000 0.051852
2 0.399479 0.247222 0.022917 0.055556
2 0.438021 0.202778 0.014583 0.040741
2 0.462500 0.187963 0.015625 0.033333
2 0.499219 0.176852 0.013021 0.029630
2 0.525000 0.170370 0.011458 0.027778
2 0.551562 0.167130 0.010417 0.023148
2 0.590104 0.162037 0.008333 0.020370
2 0.618750 0.159722 0.007292 0.019444
2 0.707292 0.158333 0.007292 0.016667
2 0.684635 0.157870 0.005729 0.015741
2 0.655990 0.157870 0.007812 0.017593
2 0.685156 0.184259 0.009896 0.022222
2 0.709896 0.180093 0.009375 0.021296
2 0.777865 0.181019 0.007812 0.015741
2 0.760938 0.180556 0.007292 0.016667
2 0.735677 0.181019 0.009896 0.019444
