2 0.221094 0.388426 0.045312 0.104630
2 0.321875 0.307407 0.031250 0.075926
2 0.395313 0.267593 0.027083 0.061111
2 0.475521 0.223611 0.020833 0.043519
2 0.570573 0.192593 0.011979 0.029630
2 0.612500 0.163426 0.006250 0.013889
2 0.604167 0.187500 0.010417 0.021296
2 0.520312 0.205556 0.016667 0.037037
2 0.627344 0.181481 0.008854 0.020370
2 0.635417 0.175926 0.007292 0.018519
2 0.705208 0.182407 0.006250 0.016667
2 0.724219 0.192130 0.006771 0.015741
2 0.726562 0.218519 0.010417 0.025926
2 0.710417 0.228704 0.013542 0.031481
2 0.693490 0.240741 0.011979 0.038889
2 0.686198 0.269907 0.019271 0.049074
2 0.697396 0.325926 0.029167 0.070370
2 0.741667 0.494444 0.047917 0.138889
