2 0.067708 0.733333 0.079167 0.179630
2 0.300000 0.365741 0.034375 0.081481
2 0.749740 0.358333 0.032813 0.074074
2 0.641927 0.248611 0.018229 0.041667
2 0.607552 0.210648 0.011979 0.028704
2 0.397396 0.249074 0.016667 0.042593
2 0.444531 0.209722 0.011979 0.026852
2 0.479948 0.196759 0.009896 0.023148
2 0.524740 0.186574 0.008854 0.017593
2 0.560417 0.183796 0.006250 0.015741
2 0.584635 0.182407 0.005729 0.014815
2 0.609635 0.182407 0.007812 0.012963
2 0.625781 0.193056 0.008854 0.019444
2 0.649219 0.190278 0.006771 0.017593
2 0.666927 0.190741 0.006771 0.016667
2 0.690365 0.191204 0.006771 0.015741
1 0.673958 0.184722 0.006250 0.013889
1 0.723698 0.192593 0.005729 0.016667
