2 0.298438 0.220833 0.008333 0.017593
2 0.317188 0.222222 0.008333 0.022222
2 0.286458 0.220370 0.007292 0.016667
2 0.351042 0.226389 0.011458 0.026852
2 0.377344 0.237037 0.013021 0.035185
2 0.369010 0.281944 0.019271 0.050926
2 0.245833 0.417593 0.041667 0.098148
2 0.403125 0.199537 0.006250 0.017593
2 0.414062 0.204167 0.008333 0.019444
2 0.431510 0.193519 0.005729 0.012963
2 0.446094 0.194444 0.006771 0.014815
2 0.476042 0.204630 0.010417 0.025926
2 0.805990 0.447222 0.046354 0.109259
2 0.656771 0.268981 0.023958 0.052778
2 0.549740 0.219444 0.015104 0.031481
