2 0.262500 0.371296 0.033333 0.075926
2 0.351823 0.244444 0.015104 0.037037
2 0.327865 0.284722 0.020313 0.052778
2 0.342448 0.206019 0.010937 0.025000
2 0.328646 0.199537 0.009375 0.023148
2 0.306250 0.196296 0.007292 0.020370
2 0.839323 0.719907 0.072396 0.193519
2 0.368490 0.178241 0.006771 0.013889
2 0.412500 0.178704 0.009375 0.018519
2 0.466146 0.186111 0.012500 0.022222
2 0.497135 0.199074 0.013021 0.027778
2 0.665104 0.352778 0.036458 0.081481
2 0.552865 0.226852 0.017188 0.037037
2 0.594531 0.265278 0.021354 0.047222
2 0.276823 0.197685 0.006771 0.017593
2 0.263542 0.187500 0.005208 0.013889
