0 0.950521 0.342130 0.014583 0.032407
0 0.922917 0.314352 0.008333 0.023148
2 0.707292 0.393519 0.040625 0.090741
2 0.157812 0.397222 0.041667 0.094444
2 0.320573 0.277315 0.027604 0.062037
2 0.430208 0.227778 0.023958 0.044444
2 0.512240 0.210648 0.019271 0.041667
2 0.579167 0.206944 0.015625 0.032407
2 0.647396 0.212037 0.013542 0.027778
2 0.689063 0.290278 0.021875 0.054630
2 0.705469 0.220833 0.010937 0.023148
2 0.748437 0.268519 0.019792 0.042593
2 0.745313 0.230093 0.009375 0.019444
2 0.779167 0.239815 0.007292 0.016667
2 0.792708 0.267130 0.013542 0.036111
2 0.829167 0.273611 0.012500 0.030556
