2 0.242969 0.412500 0.039062 0.093519
2 0.722917 0.390278 0.042708 0.089815
2 0.319792 0.293056 0.023958 0.054630
2 0.585417 0.253704 0.020833 0.048148
2 0.532813 0.215741 0.017708 0.035185
2 0.461719 0.192130 0.010937 0.028704
2 0.409635 0.184259 0.009896 0.024074
2 0.333073 0.243519 0.015104 0.040741
2 0.312240 0.214815 0.013021 0.025926
2 0.284635 0.208796 0.010937 0.023148
2 0.262240 0.207407 0.009896 0.022222
2 0.216146 0.213426 0.008333 0.019444
2 0.240365 0.194907 0.006771 0.015741
2 0.151562 0.221296 0.006250 0.016667
2 0.177344 0.219444 0.007812 0.016667
2 0.206510 0.203241 0.005729 0.013889
2 0.294792 0.185648 0.007292 0.017593
2 0.334115 0.182407 0.009896 0.016667
2 0.367969 0.181944 0.008854 0.019444
2 0.963021 0.819907 0.073958 0.199074
