2 0.063021 0.504167 0.043750 0.097222
2 0.578125 0.369907 0.037500 0.108333
2 0.291406 0.213889 0.013021 0.031481
2 0.328646 0.191204 0.010417 0.025000
2 0.371094 0.175926 0.007812 0.018519
2 0.438021 0.158333 0.009375 0.018519
2 0.469010 0.168981 0.009896 0.025000
2 0.448437 0.193519 0.011458 0.029630
2 0.525000 0.150463 0.006250 0.015741
2 0.505208 0.162500 0.007292 0.019444
2 0.563021 0.157870 0.007292 0.017593
2 0.604948 0.152315 0.006771 0.013889
2 0.626042 0.159259 0.007292 0.016667
2 0.702865 0.169444 0.006771 0.016667
1 0.223438 0.281944 0.018750 0.049074
1 0.476042 0.235648 0.018750 0.045370
