1 0.391146 0.210185 0.014583 0.033333
1 0.572917 0.214352 0.014583 0.034259
0 0.597917 0.171759 0.007292 0.015741
0 0.604688 0.189352 0.008333 0.023148
0 0.619010 0.171759 0.005729 0.013889
0 0.649219 0.185185 0.007812 0.018519
0 0.655729 0.173611 0.005208 0.012037
2 0.277865 0.201852 0.007812 0.020370
2 0.313802 0.275926 0.022396 0.050000
2 0.077604 0.590278 0.056250 0.137963
2 0.757812 0.440278 0.046875 0.106481
2 0.605208 0.264815 0.021875 0.050000
2 0.427604 0.191204 0.011458 0.025000
2 0.459115 0.177315 0.008854 0.021296
2 0.481771 0.168981 0.007292 0.017593
2 0.493229 0.165278 0.006250 0.015741
2 0.505208 0.163426 0.006250 0.013889
2 0.525521 0.159259 0.005208 0.014815
