1 0.818490 0.479630 0.051562 0.116667
2 0.190365 0.241204 0.005729 0.015741
2 0.208594 0.242593 0.007812 0.016667
2 0.264583 0.216667 0.006250 0.012963
2 0.294792 0.214815 0.007292 0.014815
2 0.323698 0.201389 0.005729 0.012037
2 0.360417 0.198611 0.007292 0.015741
2 0.382812 0.185648 0.004167 0.012037
1 0.424219 0.180556 0.004687 0.009259
1 0.458594 0.187963 0.004687 0.012963
1 0.517188 0.183333 0.005208 0.012963
1 0.519792 0.173148 0.005208 0.011111
1 0.556771 0.180556 0.004167 0.011111
1 0.604167 0.178704 0.004167 0.009259
1 0.630469 0.180556 0.004687 0.011111
