2 0.236458 0.200000 0.006250 0.014815
2 0.264844 0.196296 0.005729 0.014815
2 0.287240 0.193981 0.005729 0.015741
2 0.320312 0.198148 0.007292 0.018519
2 0.331771 0.216204 0.010417 0.025000
2 0.325521 0.231019 0.013542 0.032407
2 0.301042 0.266667 0.016667 0.042593
2 0.232813 0.382407 0.033333 0.079630
2 0.384635 0.177778 0.006771 0.016667
2 0.408594 0.181019 0.007812 0.019444
2 0.443490 0.187500 0.008854 0.021296
2 0.463542 0.195833 0.010417 0.026852
2 0.485938 0.211111 0.013542 0.031481
2 0.552865 0.281944 0.026562 0.058333
2 0.504687 0.235185 0.017708 0.042593
2 0.794792 0.553241 0.057292 0.139815
