2 0.946094 0.267130 0.008854 0.023148
2 0.927865 0.262500 0.008854 0.023148
2 0.893490 0.275926 0.011979 0.029630
2 0.838802 0.233333 0.008854 0.025926
2 0.749479 0.227315 0.011458 0.028704
2 0.717708 0.201852 0.009375 0.022222
2 0.658073 0.210185 0.010937 0.029630
2 0.671094 0.262037 0.023438 0.053704
2 0.958854 0.562500 0.052083 0.132407
2 0.973177 0.261111 0.005729 0.014815
2 0.191406 0.564815 0.060937 0.161111
2 0.356250 0.281944 0.021875 0.063889
2 0.393750 0.227778 0.015625 0.040741
2 0.411979 0.201389 0.012500 0.032407
2 0.471615 0.183333 0.010937 0.022222
2 0.577344 0.180093 0.007812 0.021296
2 0.623177 0.207870 0.014063 0.032407
2 0.607292 0.216667 0.015625 0.037037
