2 0.889844 0.667593 0.077604 0.192593
2 0.172135 0.435185 0.046354 0.100000
2 0.331510 0.297222 0.030729 0.062963
2 0.734635 0.415278 0.043229 0.115741
2 0.442969 0.241204 0.024479 0.056481
2 0.515365 0.223148 0.022396 0.044444
2 0.607292 0.216204 0.015625 0.037963
2 0.689844 0.222685 0.015104 0.032407
2 0.984115 0.360648 0.020313 0.056481
2 0.946615 0.347685 0.024479 0.056481
2 0.829167 0.316204 0.025000 0.060185
2 0.746094 0.312037 0.030729 0.070370
2 0.773698 0.239815 0.016146 0.033333
2 0.819531 0.187500 0.005729 0.013889
2 0.842187 0.256481 0.015625 0.035185
2 0.874740 0.260648 0.011979 0.030556
2 0.895052 0.262963 0.010937 0.029630
2 0.850000 0.201389 0.005208 0.013889
2 0.867708 0.210185 0.006250 0.014815
2 0.885938 0.223611 0.007292 0.017593
2 0.981250 0.262963 0.008333 0.020370
2 0.947135 0.239815 0.006771 0.018519
2 0.915885 0.222222 0.005729 0.016667
1 0.903906 0.241204 0.007812 0.021296
