2 0.201823 0.515278 0.059896 0.141667
2 0.284635 0.378704 0.030729 0.094444
2 0.246875 0.307407 0.025000 0.057407
2 0.913281 0.527315 0.053646 0.134259
2 0.156771 0.278704 0.011458 0.029630
2 0.202344 0.302315 0.022396 0.049074
2 0.313281 0.238889 0.014063 0.035185
2 0.215885 0.260648 0.013021 0.032407
2 0.107813 0.328241 0.019792 0.043519
2 0.044792 0.319907 0.010417 0.030556
2 0.004948 0.337500 0.008854 0.026852
2 0.721875 0.332407 0.036458 0.083333
2 0.385417 0.235185 0.017708 0.037037
2 0.473958 0.240278 0.018750 0.041667
2 0.580990 0.263426 0.025521 0.052778
