2 0.331510 0.343519 0.038021 0.077778
2 0.914062 0.661111 0.057292 0.155556
2 0.591667 0.244444 0.023958 0.050000
2 0.885938 0.375926 0.020833 0.062963
2 0.864323 0.296296 0.016146 0.040741
2 0.831250 0.261574 0.012500 0.032407
2 0.797396 0.237500 0.012500 0.030556
2 0.571094 0.162963 0.007812 0.018519
2 0.564063 0.156019 0.007292 0.015741
2 0.573698 0.154167 0.006771 0.015741
2 0.586198 0.152778 0.005729 0.014815
2 0.612240 0.177778 0.009896 0.022222
2 0.610938 0.155093 0.006250 0.013889
2 0.639583 0.157870 0.006250 0.013889
2 0.641146 0.190278 0.009375 0.026852
2 0.670833 0.219907 0.012500 0.032407
2 0.672396 0.165741 0.005208 0.014815
2 0.663542 0.176852 0.007292 0.018519
2 0.685417 0.185185 0.009375 0.018519
2 0.717448 0.195833 0.009896 0.023148
2 0.759896 0.218519 0.011458 0.024074
2 0.741667 0.188426 0.007292 0.017593
2 0.787760 0.197222 0.006771 0.014815
2 0.801042 0.199074 0.005208 0.014815
2 0.700521 0.170370 0.005208 0.014815
2 0.715365 0.173148 0.004687 0.012963
2 0.727344 0.185185 0.007812 0.014815
1 0.741667 0.171759 0.004167 0.012037
