0 0.971094 0.582870 0.046354 0.119444
2 0.798177 0.521296 0.050521 0.125926
2 0.433073 0.256944 0.023438 0.052778
2 0.675260 0.300926 0.023438 0.068519
2 0.564844 0.209259 0.014063 0.033333
2 0.641927 0.199074 0.011979 0.027778
2 0.705729 0.202778 0.009375 0.020370
2 0.716146 0.246759 0.016667 0.043519
2 0.760417 0.233796 0.012500 0.032407
2 0.770052 0.210648 0.007812 0.017593
2 0.800260 0.235185 0.010937 0.027778
2 0.839844 0.225926 0.006771 0.018519
2 0.849479 0.242593 0.009375 0.022222
2 0.899740 0.256019 0.008854 0.021296
2 0.925521 0.255556 0.006250 0.016667
2 0.979688 0.278241 0.005208 0.015741
2 0.963281 0.279167 0.007812 0.019444
