2 0.862500 0.892593 0.112500 0.214815
2 0.472917 0.159722 0.010417 0.019444
2 0.530990 0.166667 0.006771 0.022222
2 0.588021 0.165741 0.007292 0.016667
2 0.579948 0.176852 0.009896 0.024074
2 0.539062 0.206944 0.016667 0.037963
2 0.601823 0.187037 0.008854 0.022222
2 0.595313 0.193519 0.011458 0.029630
2 0.427344 0.157407 0.007812 0.016667
2 0.391146 0.260185 0.028125 0.061111
2 0.713542 0.355556 0.030208 0.090741
2 0.734115 0.265741 0.018229 0.050000
2 0.741667 0.229630 0.014583 0.029630
2 0.659635 0.182870 0.008854 0.017593
2 0.722396 0.208796 0.010417 0.026852
