2 0.059896 0.236111 0.006250 0.014815
2 0.072656 0.236111 0.006771 0.016667
2 0.114323 0.215741 0.005729 0.012963
2 0.017448 0.261111 0.005729 0.012963
2 0.219792 0.186111 0.007292 0.016667
2 0.241667 0.172685 0.004167 0.013889
2 0.282552 0.162500 0.005729 0.015741
2 0.291667 0.167593 0.007292 0.016667
2 0.288542 0.266667 0.020833 0.055556
2 0.324219 0.162963 0.006771 0.016667
2 0.359115 0.196296 0.013021 0.029630
2 0.369792 0.158333 0.006250 0.016667
2 0.391667 0.159722 0.009375 0.019444
2 0.400781 0.172222 0.008854 0.020370
2 0.022656 0.677315 0.044271 0.137963
2 0.410417 0.143056 0.005208 0.015741
2 0.451823 0.143056 0.005729 0.017593
2 0.494792 0.147685 0.006250 0.017593
2 0.521094 0.155093 0.007812 0.019444
2 0.539323 0.170370 0.008854 0.024074
2 0.545833 0.195370 0.013542 0.027778
2 0.576302 0.237963 0.019271 0.046296
2 0.777083 0.460648 0.052083 0.115741
1 0.176563 0.191204 0.006250 0.015741
1 0.139844 0.210648 0.007812 0.017593
