2 0.970052 0.672222 0.059896 0.151852
2 0.708333 0.390741 0.040625 0.087037
2 0.570833 0.290278 0.029167 0.058333
2 0.175781 0.398611 0.028646 0.075000
2 0.349479 0.191667 0.007292 0.018519
2 0.361719 0.200463 0.009896 0.023148
2 0.391406 0.212963 0.011979 0.027778
2 0.286719 0.190741 0.005729 0.012963
2 0.275000 0.197685 0.006250 0.013889
2 0.262760 0.207407 0.007812 0.018519
2 0.247917 0.224074 0.009375 0.025926
2 0.238281 0.245370 0.014063 0.031481
1 0.212500 0.288889 0.017708 0.044444
1 0.443490 0.234722 0.018229 0.039815
