2 0.102604 0.287037 0.010417 0.022222
2 0.193229 0.237037 0.009375 0.018519
2 0.233073 0.218519 0.007812 0.016667
2 0.262240 0.205556 0.007812 0.016667
2 0.298958 0.193056 0.006250 0.012037
2 0.329688 0.181481 0.006250 0.012963
1 0.349479 0.174537 0.005208 0.012037
1 0.748177 0.358796 0.031771 0.076852
1 0.368229 0.277315 0.027083 0.060185
0 0.243490 0.200000 0.005729 0.012963
0 0.185938 0.221759 0.006250 0.013889
0 0.168750 0.233796 0.007292 0.015741
0 0.053125 0.285185 0.007292 0.014815
0 0.046094 0.294444 0.005729 0.014815
2 0.199740 0.416667 0.043229 0.096296
2 0.441667 0.231481 0.020833 0.040741
2 0.530729 0.203704 0.016667 0.033333
2 0.613542 0.197685 0.012500 0.028704
2 0.676823 0.203704 0.013021 0.025926
2 0.713542 0.284259 0.020833 0.055556
2 0.727083 0.256944 0.016667 0.041667
2 0.737240 0.212963 0.010937 0.025926
2 0.764323 0.253241 0.015104 0.037963
2 0.790104 0.226852 0.010417 0.022222
2 0.803646 0.258796 0.013542 0.036111
2 0.819792 0.232870 0.008333 0.021296
2 0.830208 0.233796 0.008333 0.021296
2 0.853646 0.271296 0.015625 0.035185
2 0.852865 0.229630 0.006771 0.016667
2 0.810417 0.213889 0.006250 0.014815
2 0.771875 0.200000 0.005208 0.014815
2 0.893229 0.247685 0.008333 0.017593
2 0.900521 0.285185 0.013542 0.033333
2 0.948177 0.276852 0.006771 0.020370
2 0.970573 0.306944 0.009896 0.023148
2 0.948438 0.301852 0.012500 0.027778
2 0.731771 0.186111 0.006250 0.012963
