2 0.333073 0.282407 0.023438 0.050000
2 0.634896 0.200000 0.012500 0.029630
2 0.647656 0.185185 0.010937 0.022222
2 0.531771 0.212500 0.015625 0.036111
2 0.619792 0.306944 0.026042 0.071296
2 0.950000 0.408333 0.028125 0.066667
2 0.795312 0.350463 0.030208 0.071296
2 0.725260 0.274537 0.021354 0.050926
2 0.746615 0.189815 0.007812 0.018519
2 0.737500 0.182407 0.006250 0.016667
2 0.760677 0.202315 0.007812 0.023148
2 0.776302 0.215278 0.009896 0.025000
2 0.790104 0.232407 0.014583 0.027778
2 0.799740 0.256944 0.016146 0.036111
