2 0.572135 0.161111 0.005729 0.016667
2 0.598437 0.172685 0.007292 0.019444
2 0.617448 0.183333 0.007812 0.020370
2 0.631250 0.205556 0.011458 0.029630
2 0.628906 0.168519 0.005729 0.012963
2 0.612240 0.217130 0.014063 0.036111
2 0.254427 0.366204 0.042188 0.097222
2 0.518750 0.240278 0.021875 0.050926
2 0.783594 0.588426 0.059896 0.171296
2 0.790365 0.344907 0.025521 0.071296
2 0.809375 0.289815 0.015625 0.044444
2 0.789323 0.253241 0.013021 0.032407
2 0.765365 0.231944 0.010937 0.026852
2 0.711458 0.204167 0.008333 0.017593
2 0.663021 0.182870 0.007292 0.015741
