2 0.025000 0.300463 0.008333 0.021296
2 0.069792 0.307407 0.013542 0.031481
2 0.164062 0.283333 0.018750 0.038889
2 0.177344 0.243519 0.010937 0.024074
2 0.202865 0.286574 0.017188 0.043519
2 0.289844 0.327778 0.027604 0.064815
2 0.056771 0.668519 0.059375 0.151852
2 0.238542 0.412500 0.033333 0.093519
2 0.234375 0.230556 0.009375 0.027778
2 0.297396 0.218056 0.011458 0.026852
2 0.371615 0.207407 0.013021 0.031481
2 0.456771 0.209722 0.016667 0.030556
2 0.546615 0.223611 0.020313 0.043519
2 0.816667 0.429630 0.044792 0.100000
2 0.669792 0.279630 0.027083 0.059259
1 0.090365 0.274537 0.011979 0.023148
