2 0.979167 0.309722 0.014583 0.043519
2 0.859896 0.515741 0.053125 0.118519
2 0.231510 0.445833 0.041146 0.104630
2 0.330990 0.299537 0.023438 0.058333
2 0.388021 0.231019 0.014583 0.036111
2 0.422135 0.203241 0.009896 0.023148
2 0.454167 0.189815 0.008333 0.020370
2 0.493490 0.181019 0.006771 0.013889
2 0.527344 0.178704 0.006771 0.014815
2 0.549740 0.176389 0.006771 0.013889
2 0.565365 0.197685 0.010937 0.025000
2 0.589063 0.221296 0.014583 0.035185
2 0.655990 0.282407 0.023438 0.055556
2 0.584635 0.183796 0.007812 0.017593
2 0.607292 0.181019 0.006250 0.015741
2 0.624740 0.181019 0.004687 0.013889
2 0.647396 0.180556 0.006250 0.014815
2 0.659115 0.176852 0.004687 0.011111
1 0.634115 0.174537 0.005729 0.013889
