2 0.714323 0.183796 0.005729 0.015741
2 0.735938 0.197685 0.007292 0.015741
2 0.750521 0.208333 0.007292 0.020370
2 0.731250 0.229630 0.013542 0.033333
2 0.769271 0.200463 0.006250 0.013889
2 0.797656 0.215741 0.006771 0.016667
2 0.893750 0.311111 0.014583 0.038889
2 0.880990 0.269907 0.010937 0.026852
2 0.838281 0.239815 0.008854 0.020370
2 0.841406 0.324537 0.022396 0.060185
2 0.831771 0.780093 0.088542 0.232407
2 0.753125 0.394444 0.034375 0.101852
2 0.642708 0.228704 0.017708 0.042593
2 0.100521 0.489352 0.051042 0.128704
2 0.452344 0.258333 0.027604 0.061111
