2 0.628646 0.165741 0.005208 0.012963
2 0.635156 0.162963 0.004687 0.011111
2 0.612500 0.176389 0.006250 0.017593
2 0.594792 0.187500 0.008333 0.021296
2 0.563802 0.201389 0.009896 0.026852
2 0.489063 0.232870 0.014583 0.039815
2 0.340625 0.300926 0.026042 0.057407
2 0.702083 0.188426 0.007292 0.017593
2 0.710938 0.203241 0.009375 0.025000
2 0.716406 0.223611 0.011979 0.030556
2 0.718490 0.268056 0.018229 0.050926
2 0.904687 0.478704 0.041667 0.112963
2 0.691667 0.390278 0.040625 0.106481
1 0.621875 0.169907 0.006250 0.013889
1 0.727604 0.190741 0.008333 0.018519
1 0.711979 0.176389 0.006250 0.013889
1 0.736979 0.180556 0.005208 0.012963
1 0.748698 0.198148 0.008854 0.018519
1 0.769271 0.203241 0.008333 0.019444
1 0.791927 0.202778 0.007812 0.016667
1 0.827865 0.214815 0.006771 0.016667
1 0.844271 0.211574 0.006250 0.013889
1 0.821875 0.200000 0.006250 0.012963
