2 0.156771 0.566204 0.066667 0.160185
2 0.254427 0.404167 0.039062 0.100926
2 0.932292 0.569444 0.063542 0.150000
2 0.719792 0.343056 0.037500 0.087963
2 0.571354 0.271759 0.022917 0.056481
2 0.262240 0.334722 0.029687 0.071296
2 0.225000 0.319444 0.025000 0.059259
2 0.027604 0.326389 0.012500 0.028704
2 0.085677 0.339352 0.019271 0.049074
2 0.083854 0.303704 0.012500 0.029630
2 0.139063 0.286574 0.013542 0.028704
2 0.181510 0.314352 0.020313 0.052778
2 0.198177 0.267130 0.013021 0.034259
2 0.297135 0.245833 0.015104 0.032407
2 0.370833 0.239815 0.016667 0.035185
2 0.461198 0.245833 0.020313 0.041667
