0 0.874479 0.326389 0.015625 0.043519
0 0.873177 0.400000 0.025521 0.072222
0 0.586458 0.215741 0.013542 0.031481
0 0.646615 0.231019 0.014063 0.036111
2 0.766146 0.508796 0.051042 0.143519
2 0.193750 0.413426 0.040625 0.091667
2 0.337500 0.223611 0.015625 0.036111
2 0.358333 0.265278 0.019792 0.049074
2 0.251042 0.190741 0.007292 0.020370
2 0.284115 0.203241 0.011979 0.023148
2 0.307031 0.210648 0.014063 0.030556
2 0.278646 0.155093 0.005208 0.012037
2 0.298958 0.154630 0.005208 0.012963
2 0.315625 0.158333 0.005208 0.012963
2 0.327083 0.163889 0.006250 0.014815
2 0.349219 0.169907 0.007812 0.017593
2 0.401302 0.176389 0.008854 0.021296
2 0.450781 0.181944 0.013021 0.028704
2 0.246354 0.157870 0.005208 0.012037
2 0.230729 0.170370 0.006250 0.012963
2 0.220312 0.170370 0.006250 0.014815
