2 0.261979 0.193519 0.005208 0.012963
2 0.264583 0.185648 0.004167 0.010185
2 0.307552 0.186111 0.005729 0.012963
2 0.234896 0.191667 0.005208 0.011111
2 0.314323 0.176852 0.004687 0.011111
2 0.332031 0.185185 0.005729 0.016667
2 0.350260 0.174537 0.005729 0.010185
2 0.360417 0.186111 0.007292 0.016667
2 0.378906 0.171296 0.005729 0.011111
2 0.382292 0.188426 0.010417 0.019444
2 0.396094 0.193056 0.009896 0.019444
2 0.409635 0.202778 0.007812 0.024074
2 0.412760 0.217593 0.011979 0.029630
2 0.401823 0.238889 0.016146 0.040741
2 0.369792 0.276852 0.021875 0.050000
2 0.260937 0.391204 0.039583 0.091667
2 0.892448 0.870833 0.094271 0.219444
2 0.413542 0.172222 0.006250 0.012963
2 0.454167 0.174537 0.008333 0.015741
2 0.186719 0.210185 0.004687 0.009259
2 0.682813 0.381019 0.038542 0.086111
2 0.634115 0.278704 0.021354 0.051852
2 0.501563 0.182407 0.009375 0.018519
2 0.528385 0.192130 0.010937 0.025000
2 0.571615 0.211574 0.014063 0.032407
2 0.599219 0.235185 0.018229 0.038889
