2 0.199219 0.470370 0.048438 0.111111
2 0.332292 0.311574 0.027083 0.069444
2 0.347917 0.270370 0.021875 0.053704
2 0.485417 0.187963 0.014583 0.033333
2 0.533073 0.200926 0.015104 0.037037
2 0.330469 0.214815 0.013021 0.033333
2 0.301042 0.199074 0.013542 0.033333
2 0.280469 0.193519 0.011979 0.029630
2 0.256510 0.190741 0.011979 0.025926
2 0.236458 0.184259 0.009375 0.022222
2 0.342187 0.163889 0.009375 0.018519
2 0.358073 0.164352 0.008854 0.023148
2 0.395313 0.168056 0.009375 0.023148
2 0.432292 0.176852 0.011458 0.031481
2 0.687500 0.300926 0.028125 0.070370
2 0.623437 0.245370 0.020833 0.050000
2 0.569792 0.218981 0.017708 0.045370
