0 0.987240 0.389815 0.017188 0.040741
0 0.696094 0.309259 0.023438 0.053704
0 0.752344 0.271296 0.017188 0.038889
2 0.057813 0.518056 0.051042 0.117593
2 0.767969 0.642593 0.069271 0.196296
2 0.365365 0.261111 0.020313 0.046296
2 0.384896 0.187500 0.007292 0.021296
2 0.405990 0.194907 0.010937 0.026852
2 0.417448 0.217130 0.013021 0.034259
2 0.327865 0.190278 0.007812 0.021296
2 0.476042 0.177315 0.008333 0.023148
2 0.532813 0.191667 0.010417 0.025926
2 0.175781 0.220370 0.006771 0.018519
2 0.196875 0.207870 0.006250 0.017593
2 0.260417 0.201389 0.007292 0.019444
2 0.296615 0.185185 0.006771 0.018519
1 0.082292 0.246296 0.009375 0.020370
1 0.122917 0.226389 0.008333 0.019444
