2 0.138021 0.577315 0.069792 0.152778
2 0.327865 0.368981 0.039062 0.089815
2 0.319271 0.263889 0.013542 0.035185
2 0.368490 0.292593 0.025521 0.057407
2 0.368750 0.218519 0.009375 0.024074
2 0.744271 0.380556 0.033333 0.079630
2 0.636198 0.279167 0.024479 0.052778
2 0.559115 0.250000 0.020313 0.044444
2 0.497917 0.234722 0.016667 0.037963
2 0.472396 0.224074 0.012500 0.029630
2 0.482031 0.210185 0.008854 0.020370
2 0.475521 0.187963 0.006250 0.018519
2 0.391667 0.205093 0.008333 0.017593
2 0.966667 0.738889 0.065625 0.177778
