1 0.507292 0.219907 0.016667 0.034259
1 0.722917 0.273611 0.017708 0.043519
0 0.271615 0.206481 0.004687 0.012963
0 0.280990 0.208796 0.005729 0.012037
0 0.316667 0.199074 0.005208 0.014815
0 0.327865 0.193056 0.005729 0.012037
2 0.234115 0.230093 0.005729 0.013889
2 0.276823 0.227778 0.006771 0.016667
2 0.295312 0.207870 0.005208 0.012037
2 0.344792 0.203241 0.007292 0.015741
2 0.375000 0.193519 0.006250 0.014815
2 0.186719 0.266667 0.008854 0.020370
2 0.164062 0.262500 0.007292 0.017593
2 0.074219 0.309259 0.006771 0.016667
2 0.071615 0.327315 0.008854 0.023148
0 0.079687 0.291204 0.006250 0.013889
0 0.086198 0.281944 0.005729 0.012037
0 0.140365 0.260185 0.005729 0.012963
0 0.146615 0.253241 0.004687 0.012037
0 0.213542 0.231481 0.005208 0.011111
2 0.398438 0.187037 0.005208 0.011111
2 0.427865 0.181019 0.005729 0.012037
2 0.452865 0.178241 0.005729 0.012037
2 0.151042 0.500000 0.056250 0.127778
2 0.325521 0.337500 0.038542 0.078704
2 0.432292 0.251852 0.021875 0.050000
2 0.876823 0.573611 0.058854 0.125000
2 0.768490 0.368519 0.032813 0.075926
2 0.550260 0.207870 0.014063 0.028704
2 0.616146 0.203241 0.010417 0.023148
2 0.683594 0.206481 0.010937 0.022222
2 0.737240 0.216204 0.009896 0.021296
2 0.727344 0.250926 0.013021 0.033333
2 0.752344 0.243056 0.013021 0.032407
2 0.788021 0.247222 0.011458 0.031481
2 0.823438 0.256019 0.010417 0.028704
2 0.837240 0.243519 0.008854 0.018519
2 0.847135 0.239352 0.005729 0.015741
2 0.776563 0.210648 0.004167 0.012037
2 0.807292 0.222685 0.006250 0.013889
2 0.879167 0.255556 0.006250 0.016667
2 0.871094 0.270833 0.010937 0.025000
2 0.914323 0.260185 0.005729 0.012963
2 0.915365 0.288889 0.010937 0.024074
2 0.948958 0.279167 0.005208 0.013889
2 0.964583 0.306944 0.010417 0.025000
2 0.992969 0.318519 0.007812 0.022222
2 0.992969 0.304630 0.007812 0.016667
2 0.810417 0.218056 0.004167 0.012037
2 0.815365 0.214815 0.004687 0.009259
2 0.799219 0.208333 0.004687 0.009259
