2 0.221615 0.393056 0.038021 0.093519
2 0.684115 0.357407 0.042188 0.098148
2 0.321094 0.275926 0.021354 0.055556
2 0.384635 0.224537 0.016146 0.036111
2 0.461719 0.196759 0.013021 0.028704
2 0.567969 0.229167 0.016146 0.047222
2 0.597135 0.262500 0.024479 0.058333
2 0.586719 0.208333 0.013021 0.035185
2 0.559115 0.184259 0.009896 0.024074
2 0.631510 0.201389 0.013021 0.032407
2 0.658594 0.187500 0.009896 0.021296
2 0.720313 0.208796 0.010417 0.026852
2 0.729688 0.195833 0.007292 0.017593
2 0.761719 0.200463 0.007812 0.017593
2 0.798438 0.220833 0.009375 0.023148
2 0.840365 0.228241 0.007812 0.019444
