2 0.030729 0.474074 0.036458 0.083333
2 0.070833 0.375926 0.022917 0.057407
2 0.931771 0.509259 0.041667 0.109259
2 0.687240 0.352778 0.036979 0.079630
2 0.139063 0.282407 0.014583 0.035185
2 0.512500 0.286574 0.027083 0.060185
2 0.360938 0.226852 0.013542 0.033333
2 0.409375 0.255556 0.020833 0.046296
2 0.210417 0.231481 0.008333 0.022222
2 0.288802 0.200000 0.006771 0.018519
2 0.381250 0.176852 0.005208 0.012963
2 0.387500 0.190278 0.008333 0.017593
2 0.345052 0.185648 0.007812 0.017593
2 0.402865 0.173148 0.005729 0.012963
2 0.416406 0.181019 0.007812 0.015741
2 0.445052 0.174537 0.005729 0.015741
2 0.437500 0.168519 0.005208 0.012963
2 0.467708 0.165741 0.005208 0.011111
2 0.483073 0.171296 0.006771 0.016667
2 0.514323 0.169907 0.005729 0.013889
