2 0.297656 0.355556 0.036979 0.083333
2 0.429427 0.233333 0.019271 0.042593
2 0.776302 0.408333 0.039062 0.081481
2 0.560937 0.206944 0.013542 0.028704
2 0.616667 0.206481 0.012500 0.031481
2 0.498177 0.213889 0.015104 0.035185
2 0.667708 0.214815 0.010417 0.024074
2 0.695052 0.276389 0.018229 0.045370
2 0.718229 0.255556 0.015625 0.035185
2 0.723958 0.227778 0.009375 0.022222
2 0.780208 0.260648 0.012500 0.030556
2 0.818229 0.259259 0.006250 0.016667
2 0.828125 0.274074 0.010417 0.027778
2 0.870833 0.290278 0.009375 0.023148
