2 0.024479 0.633796 0.047917 0.139815
2 0.907813 0.870370 0.107292 0.229630
2 0.312240 0.322685 0.034896 0.080556
2 0.744271 0.402778 0.038542 0.109259
2 0.751042 0.299537 0.025000 0.065741
2 0.516667 0.224537 0.020833 0.045370
2 0.679167 0.206944 0.014583 0.030556
2 0.813021 0.268981 0.017708 0.043519
2 0.802344 0.228241 0.011979 0.028704
2 0.897396 0.282407 0.014583 0.035185
2 0.901563 0.256019 0.010417 0.025000
2 0.988542 0.313889 0.011458 0.031481
2 0.960938 0.280556 0.009375 0.022222
2 0.949740 0.262037 0.006771 0.018519
