2 0.639583 0.231944 0.014583 0.043519
2 0.626302 0.274537 0.022396 0.060185
2 0.636979 0.372685 0.036458 0.104630
2 0.256510 0.309722 0.031771 0.073148
2 0.391927 0.229630 0.019271 0.046296
2 0.476042 0.200463 0.012500 0.032407
2 0.531510 0.189352 0.008854 0.023148
2 0.520312 0.176852 0.009375 0.022222
2 0.500521 0.170370 0.008333 0.018519
2 0.484115 0.165278 0.008854 0.015741
2 0.456510 0.153704 0.005729 0.012963
2 0.525260 0.155556 0.005729 0.012963
2 0.561198 0.165278 0.006771 0.013889
2 0.590885 0.173611 0.006771 0.015741
0 0.966667 0.345833 0.013542 0.030556
0 0.935156 0.356481 0.018229 0.044444
0 0.693750 0.206019 0.009375 0.021296
0 0.739844 0.247222 0.014063 0.033333
0 0.805990 0.254167 0.010937 0.025000
0 0.827604 0.251852 0.010417 0.025926
