2 0.342187 0.295370 0.022917 0.053704
2 0.335417 0.230093 0.013542 0.036111
2 0.318229 0.219444 0.014583 0.033333
2 0.285417 0.206481 0.011458 0.029630
2 0.253646 0.415741 0.041667 0.096296
2 0.262500 0.202778 0.010417 0.025926
2 0.237240 0.200926 0.009896 0.022222
2 0.333333 0.175463 0.008333 0.019444
2 0.370833 0.175926 0.009375 0.022222
2 0.408073 0.181944 0.009896 0.023148
2 0.653125 0.273148 0.022917 0.057407
2 0.461719 0.190741 0.013021 0.029630
2 0.507552 0.199537 0.014063 0.032407
2 0.542448 0.213889 0.016146 0.037037
2 0.594531 0.234722 0.019271 0.041667
