1 0.983594 0.562500 0.032813 0.115741
1 0.860938 0.421759 0.037500 0.084259
1 0.917969 0.352778 0.023438 0.053704
1 0.877865 0.276389 0.015104 0.032407
1 0.756510 0.327315 0.028646 0.063889
1 0.771094 0.252778 0.017188 0.037037
1 0.645312 0.232870 0.016667 0.037963
1 0.688021 0.268981 0.022917 0.049074
1 0.310677 0.275000 0.019271 0.050000
1 0.382812 0.193056 0.013542 0.025000
1 0.419531 0.198611 0.016146 0.021296
1 0.450000 0.197222 0.015625 0.029630
1 0.482812 0.204630 0.017708 0.022222
1 0.516146 0.206481 0.016667 0.033333
