2 0.915365 0.262500 0.006771 0.019444
2 0.909896 0.269444 0.008333 0.018519
2 0.955469 0.289815 0.007812 0.022222
2 0.862760 0.241204 0.006771 0.015741
2 0.851042 0.247222 0.008333 0.022222
2 0.805990 0.237500 0.010937 0.028704
2 0.778385 0.212500 0.006771 0.019444
2 0.762760 0.236574 0.011979 0.032407
2 0.730990 0.243056 0.014063 0.037963
2 0.710156 0.200463 0.007812 0.021296
2 0.704688 0.277778 0.020833 0.062963
2 0.487240 0.220370 0.021354 0.048148
2 0.644792 0.194444 0.010417 0.024074
2 0.576042 0.197222 0.014583 0.031481
2 0.275521 0.359259 0.042708 0.103704
2 0.739062 0.466667 0.051042 0.127778
