2 0.879948 0.921759 0.125521 0.156481
2 0.386719 0.261574 0.027604 0.058333
2 0.563802 0.218981 0.017188 0.037963
2 0.691667 0.353241 0.030208 0.084259
2 0.741667 0.285185 0.022917 0.051852
2 0.807813 0.268056 0.013542 0.036111
2 0.674740 0.215278 0.013021 0.030556
2 0.685417 0.193056 0.007292 0.013889
2 0.638021 0.178704 0.006250 0.014815
2 0.651042 0.175926 0.005208 0.012963
2 0.727344 0.218056 0.007812 0.021296
2 0.738021 0.214815 0.008333 0.020370
2 0.798177 0.224537 0.006771 0.015741
2 0.844271 0.263426 0.009375 0.025000
