0 0.962240 0.344907 0.014063 0.036111
0 0.949740 0.383333 0.017188 0.050000
0 0.773698 0.246759 0.013021 0.028704
0 0.708594 0.254630 0.018229 0.038889
2 0.846094 0.723611 0.078646 0.204630
2 0.660677 0.330093 0.031771 0.082407
2 0.058854 0.548611 0.055208 0.128704
2 0.325000 0.277315 0.025000 0.056481
2 0.146875 0.205093 0.006250 0.013889
2 0.106771 0.216667 0.007292 0.014815
2 0.310937 0.171296 0.006250 0.016667
2 0.325781 0.164352 0.005729 0.015741
2 0.383854 0.164352 0.007292 0.017593
2 0.412760 0.156019 0.006771 0.015741
2 0.441667 0.161111 0.008333 0.018519
2 0.490365 0.163426 0.007812 0.017593
2 0.480208 0.205093 0.015625 0.034259
2 0.508333 0.171296 0.009375 0.022222
2 0.517708 0.185648 0.011458 0.025000
2 0.569271 0.163889 0.007292 0.016667
2 0.614062 0.177315 0.008333 0.021296
1 0.228646 0.184722 0.007292 0.017593
1 0.258854 0.173611 0.006250 0.013889
