2 0.282813 0.357407 0.042708 0.088889
2 0.790625 0.504630 0.056250 0.135185
2 0.779167 0.311574 0.025000 0.065741
2 0.554688 0.229630 0.019792 0.044444
2 0.849740 0.286111 0.017188 0.044444
2 0.704167 0.218519 0.014583 0.035185
2 0.808594 0.231944 0.014063 0.030556
2 0.928125 0.293056 0.012500 0.034259
2 0.865365 0.243056 0.010937 0.025000
2 0.877344 0.243519 0.007812 0.022222
2 0.886198 0.231944 0.005729 0.017593
2 0.974740 0.298148 0.010937 0.029630
2 0.980990 0.291667 0.006771 0.024074
2 0.943490 0.264352 0.007812 0.015741
2 0.830990 0.218056 0.006771 0.015741
2 0.785417 0.200926 0.007292 0.018519
2 0.801042 0.199537 0.006250 0.015741
2 0.751042 0.188426 0.007292 0.013889
2 0.777865 0.192130 0.004687 0.012037
