2 0.975000 0.608796 0.050000 0.154630
2 0.152865 0.733796 0.071354 0.171296
2 0.167969 0.243056 0.008854 0.023148
2 0.186719 0.305556 0.017188 0.044444
2 0.222396 0.386574 0.030208 0.078704
2 0.580990 0.285185 0.031771 0.068519
2 0.389844 0.231019 0.015104 0.039815
2 0.179688 0.231019 0.009375 0.019444
2 0.201563 0.217593 0.006250 0.016667
2 0.247917 0.195833 0.007292 0.017593
2 0.273958 0.204167 0.008333 0.017593
2 0.282292 0.208333 0.007292 0.022222
2 0.305990 0.187037 0.006771 0.018519
1 0.319792 0.217130 0.011458 0.026852
1 0.170313 0.267593 0.013542 0.031481
