2 0.289323 0.400000 0.040104 0.096296
2 0.798698 0.402315 0.038021 0.086111
2 0.403906 0.255093 0.019271 0.043519
2 0.454948 0.209259 0.013021 0.029630
2 0.491927 0.194907 0.009896 0.023148
2 0.574479 0.184259 0.007292 0.014815
2 0.537240 0.186574 0.008854 0.019444
2 0.598698 0.183796 0.006771 0.013889
2 0.624479 0.183796 0.006250 0.013889
2 0.642188 0.195833 0.010417 0.023148
2 0.625781 0.215278 0.011979 0.030556
2 0.666927 0.260648 0.019271 0.043519
2 0.655990 0.184722 0.005729 0.012037
2 0.665625 0.193519 0.009375 0.018519
2 0.683073 0.193981 0.006771 0.015741
2 0.706510 0.194907 0.005729 0.015741
2 0.714323 0.190741 0.004687 0.012963
1 0.688542 0.187963 0.006250 0.012963
1 0.740104 0.198148 0.007292 0.014815
