2 0.114062 0.671296 0.066667 0.157407
2 0.250781 0.440278 0.041146 0.102778
2 0.833854 0.429630 0.046875 0.109259
2 0.576823 0.230093 0.019271 0.043519
2 0.480729 0.188889 0.011458 0.027778
2 0.316146 0.177778 0.006250 0.014815
2 0.326823 0.184259 0.006771 0.018519
2 0.334115 0.210648 0.011979 0.028704
2 0.342708 0.261111 0.018750 0.046296
2 0.424479 0.172222 0.007292 0.018519
2 0.393229 0.165741 0.006250 0.014815
0 0.382552 0.161111 0.004687 0.012963
0 0.375260 0.158796 0.004687 0.012037
0 0.369010 0.156944 0.003646 0.010185
2 0.289583 0.172685 0.004167 0.012037
