0 0.821354 0.276852 0.015625 0.033333
0 0.820052 0.327315 0.021354 0.060185
0 0.842708 0.418519 0.034375 0.092593
0 0.894792 0.276389 0.008333 0.019444
0 0.914583 0.295833 0.010417 0.025000
0 0.960938 0.345370 0.015625 0.037037
2 0.644531 0.195833 0.007812 0.019444
2 0.677083 0.195370 0.005208 0.014815
2 0.703906 0.201389 0.006771 0.013889
2 0.712760 0.201389 0.004687 0.012037
2 0.637500 0.205093 0.010417 0.025000
2 0.644792 0.225926 0.014583 0.033333
2 0.678646 0.283333 0.022917 0.059259
2 0.128906 0.528704 0.055729 0.133333
2 0.296354 0.326389 0.034375 0.075000
2 0.383333 0.252315 0.022917 0.050926
2 0.503125 0.186574 0.010417 0.025000
2 0.459635 0.203704 0.015104 0.031481
2 0.625000 0.181944 0.005208 0.012037
2 0.597917 0.178241 0.006250 0.012037
2 0.568750 0.177315 0.007292 0.017593
2 0.541406 0.179167 0.007812 0.019444
