2 0.507812 0.203241 0.014583 0.036111
2 0.523698 0.179167 0.011979 0.028704
2 0.539844 0.166667 0.009896 0.024074
2 0.553385 0.160185 0.008854 0.020370
2 0.577865 0.156481 0.007812 0.018519
2 0.469271 0.248611 0.022917 0.056481
2 0.247396 0.450926 0.053125 0.131481
2 0.944792 0.754630 0.075000 0.185185
2 0.596875 0.156019 0.009375 0.017593
2 0.616146 0.155093 0.007292 0.015741
2 0.646615 0.153704 0.006771 0.014815
2 0.667448 0.171296 0.009896 0.022222
2 0.655469 0.178241 0.010937 0.026852
2 0.668490 0.194907 0.010937 0.026852
2 0.693490 0.169907 0.008854 0.017593
2 0.702865 0.225463 0.017188 0.043519
2 0.772917 0.316667 0.028125 0.064815
2 0.714844 0.168519 0.008854 0.014815
2 0.739844 0.168519 0.006771 0.016667
2 0.764323 0.171759 0.006771 0.013889
2 0.704167 0.154167 0.007292 0.013889
2 0.729688 0.155093 0.006250 0.013889
