2 0.341667 0.306019 0.033333 0.073148
2 0.446615 0.230093 0.021354 0.045370
2 0.492969 0.210185 0.018229 0.037037
2 0.967969 0.839352 0.064062 0.173148
2 0.763021 0.391204 0.034375 0.084259
2 0.724740 0.293519 0.021354 0.053704
2 0.743490 0.258333 0.014063 0.038889
2 0.769792 0.251852 0.014583 0.031481
2 0.802865 0.253704 0.013021 0.027778
2 0.835938 0.255556 0.011458 0.029630
2 0.859115 0.258796 0.008854 0.023148
2 0.852865 0.243981 0.007812 0.019444
2 0.832292 0.226852 0.007292 0.020370
2 0.801042 0.210648 0.007292 0.017593
2 0.560417 0.200463 0.013542 0.030556
2 0.610938 0.196296 0.012500 0.025926
2 0.653906 0.196296 0.009896 0.024074
2 0.746094 0.205556 0.007812 0.020370
2 0.754948 0.191204 0.005729 0.017593
2 0.727865 0.205093 0.007812 0.019444
2 0.696094 0.202315 0.010937 0.021296
2 0.721615 0.193056 0.006771 0.019444
2 0.706771 0.175463 0.005208 0.017593
2 0.430990 0.149537 0.006771 0.017593
2 0.455990 0.141204 0.006771 0.015741
2 0.491146 0.151389 0.007292 0.019444
2 0.505990 0.143519 0.006771 0.016667
2 0.559115 0.146759 0.005729 0.015741
2 0.576562 0.159722 0.008333 0.019444
2 0.636719 0.159259 0.007812 0.016667
2 0.672396 0.179167 0.007292 0.021296
2 0.386719 0.150926 0.007812 0.016667
2 0.410417 0.141204 0.006250 0.013889
2 0.368490 0.142593 0.005729 0.012963
