0 0.994271 0.316204 0.011458 0.028704
0 0.995313 0.290741 0.008333 0.020370
0 0.938542 0.250000 0.007292 0.018519
0 0.920312 0.256481 0.008333 0.022222
0 0.872396 0.226389 0.007292 0.017593
2 0.836458 0.200000 0.006250 0.016667
2 0.797396 0.191667 0.005208 0.016667
2 0.720573 0.175926 0.006771 0.018519
2 0.749740 0.198611 0.010937 0.028704
2 0.790885 0.201389 0.009896 0.023148
2 0.412240 0.272685 0.026562 0.067593
2 0.473698 0.216204 0.016146 0.039815
2 0.662240 0.170370 0.008854 0.022222
2 0.582812 0.169444 0.010417 0.024074
2 0.519010 0.187500 0.013021 0.030556
2 0.759896 0.313889 0.029167 0.074074
2 0.707812 0.243519 0.019792 0.050000
2 0.695312 0.217130 0.014583 0.037963
