2 0.020573 0.538426 0.040104 0.113889
2 0.217188 0.343056 0.036458 0.075000
2 0.130729 0.232870 0.013542 0.032407
2 0.180990 0.256944 0.018229 0.043519
2 0.319792 0.272222 0.026042 0.055556
2 0.297917 0.232407 0.019792 0.044444
2 0.268490 0.189352 0.011979 0.028704
2 0.359896 0.173611 0.012500 0.028704
2 0.364323 0.237963 0.022396 0.050000
2 0.450000 0.171296 0.012500 0.029630
2 0.517969 0.181944 0.014063 0.034259
2 0.710938 0.468056 0.051042 0.126852
2 0.687240 0.330093 0.035937 0.075000
2 0.664844 0.262963 0.022396 0.053704
2 0.625521 0.225926 0.020833 0.044444
2 0.576042 0.203241 0.017708 0.036111
