2 0.188542 0.665741 0.067708 0.174074
2 0.936198 0.439352 0.036979 0.084259
2 0.014323 0.420370 0.027604 0.068519
2 0.105469 0.446296 0.038021 0.092593
2 0.176042 0.500926 0.044792 0.120370
2 0.767708 0.325000 0.028125 0.064815
2 0.008333 0.313426 0.009375 0.025000
2 0.069010 0.274074 0.007812 0.018519
2 0.117188 0.248611 0.006250 0.017593
2 0.149219 0.252778 0.007812 0.022222
2 0.169792 0.261111 0.010417 0.029630
2 0.227865 0.260648 0.015104 0.032407
2 0.548438 0.256944 0.023958 0.050926
2 0.421615 0.246759 0.021354 0.043519
2 0.312240 0.253704 0.018229 0.038889
2 0.164062 0.238426 0.007292 0.019444
2 0.187240 0.227778 0.006771 0.016667
2 0.226042 0.206019 0.005208 0.012037
2 0.271615 0.197685 0.005729 0.013889
2 0.277865 0.191667 0.004687 0.011111
2 0.285417 0.182870 0.004167 0.010185
2 0.299740 0.191667 0.004687 0.012963
2 0.326042 0.185185 0.005208 0.012963
2 0.321615 0.172222 0.004687 0.009259
2 0.346615 0.168981 0.004687 0.010185
2 0.314323 0.180556 0.005729 0.011111
2 0.306771 0.180556 0.004167 0.009259
2 0.351042 0.180093 0.005208 0.010185
2 0.366667 0.168981 0.004167 0.010185
2 0.367188 0.175000 0.005208 0.009259
2 0.373437 0.172685 0.004167 0.010185
