2 0.345052 0.174537 0.005729 0.015741
2 0.334896 0.185185 0.008333 0.016667
2 0.317708 0.198148 0.010417 0.020370
2 0.220052 0.268519 0.016146 0.037037
2 0.281510 0.225463 0.011979 0.026852
2 0.413802 0.229630 0.017188 0.044444
2 0.503125 0.221296 0.016667 0.046296
2 0.426823 0.197222 0.013021 0.031481
2 0.581250 0.220833 0.017708 0.043519
1 0.453906 0.157407 0.006771 0.014815
1 0.438281 0.158796 0.005729 0.012037
1 0.470313 0.158333 0.007292 0.012963
1 0.351042 0.167130 0.005208 0.013889
2 0.417448 0.162037 0.005729 0.014815
