1 0.275781 0.337037 0.022396 0.064815
1 0.617188 0.278241 0.026042 0.052778
2 0.062500 0.833333 0.082292 0.194444
2 0.204687 0.502778 0.044792 0.114815
2 0.794792 0.407407 0.042708 0.098148
2 0.131250 0.257870 0.007292 0.017593
2 0.153646 0.251852 0.007292 0.016667
2 0.178125 0.248611 0.008333 0.019444
2 0.209375 0.245833 0.009375 0.023148
2 0.203646 0.223148 0.007292 0.016667
2 0.235156 0.217593 0.006771 0.018519
2 0.246875 0.244444 0.010417 0.025926
2 0.266667 0.251389 0.011458 0.028704
2 0.277344 0.274074 0.015104 0.038889
2 0.266146 0.212963 0.008333 0.020370
2 0.310417 0.208333 0.008333 0.022222
2 0.493750 0.225926 0.014583 0.038889
2 0.371094 0.205093 0.009896 0.025000
2 0.423438 0.209259 0.011458 0.027778
