2 0.254688 0.218056 0.006250 0.015741
2 0.233594 0.229630 0.008854 0.020370
2 0.243490 0.231944 0.009896 0.021296
2 0.259896 0.237037 0.010417 0.022222
2 0.290365 0.243981 0.015104 0.034259
2 0.306250 0.274074 0.018750 0.050000
2 0.238542 0.425926 0.039583 0.105556
2 0.317188 0.198611 0.005208 0.013889
2 0.346094 0.200926 0.006771 0.018519
2 0.352083 0.199537 0.006250 0.017593
2 0.369792 0.193056 0.006250 0.017593
2 0.379688 0.202778 0.009375 0.020370
2 0.404948 0.182870 0.005729 0.013889
2 0.420312 0.186111 0.005208 0.018519
2 0.772396 0.363889 0.042708 0.092593
2 0.453646 0.204167 0.012500 0.030556
2 0.555469 0.229630 0.020313 0.044444
2 0.501823 0.179630 0.006771 0.014815
2 0.551562 0.167593 0.005208 0.012963
2 0.572396 0.174537 0.006250 0.015741
