0 0.835417 0.249074 0.011458 0.022222
0 0.905208 0.268519 0.007292 0.024074
0 0.951042 0.323611 0.013542 0.030556
2 0.801562 0.202778 0.006250 0.014815
2 0.827083 0.216204 0.007292 0.017593
2 0.755469 0.240741 0.014063 0.035185
2 0.708073 0.200000 0.009896 0.022222
2 0.743750 0.199537 0.006250 0.019444
2 0.543750 0.211111 0.015625 0.031481
2 0.619271 0.195370 0.011458 0.027778
2 0.730990 0.265741 0.018229 0.048148
2 0.704167 0.325463 0.026042 0.075000
2 0.399740 0.256019 0.024479 0.050926
2 0.869271 0.573148 0.058333 0.146296
2 0.138542 0.553241 0.058333 0.150926
1 0.562240 0.150926 0.004687 0.012963
1 0.541146 0.151389 0.006250 0.013889
2 0.602865 0.158333 0.005729 0.011111
