2 0.131250 0.271759 0.012500 0.032407
2 0.322917 0.285648 0.025000 0.056481
2 0.419792 0.224537 0.015625 0.032407
2 0.467187 0.202778 0.012500 0.027778
2 0.488021 0.193056 0.010417 0.023148
2 0.508594 0.187037 0.007812 0.020370
2 0.538542 0.181019 0.006250 0.015741
2 0.562240 0.180556 0.005729 0.012963
2 0.589063 0.181944 0.005208 0.012037
2 0.624219 0.201852 0.006771 0.020370
2 0.640365 0.193519 0.004687 0.014815
1 0.138542 0.439815 0.042708 0.098148
1 0.763021 0.602778 0.062500 0.166667
0 0.654167 0.215278 0.008333 0.025000
0 0.679948 0.214352 0.008854 0.023148
0 0.707292 0.281944 0.019792 0.049074
0 0.721615 0.217130 0.006771 0.015741
0 0.751042 0.218981 0.007292 0.013889
0 0.752865 0.256019 0.011979 0.034259
0 0.769792 0.222222 0.005208 0.012963
0 0.776563 0.243519 0.009375 0.024074
0 0.794792 0.240741 0.007292 0.020370
0 0.809896 0.239815 0.005208 0.014815
0 0.821615 0.242593 0.004687 0.012963
2 0.611198 0.185185 0.005729 0.012963
2 0.631250 0.195833 0.007292 0.017593
2 0.655208 0.194907 0.004167 0.013889
