2 0.928646 0.527315 0.055208 0.134259
2 0.213542 0.530093 0.045833 0.132407
2 0.354948 0.330093 0.028646 0.065741
2 0.395573 0.263889 0.015104 0.040741
2 0.744531 0.312037 0.030729 0.072222
2 0.652344 0.234722 0.020313 0.045370
2 0.387500 0.162037 0.006250 0.014815
2 0.357812 0.179167 0.006250 0.013889
2 0.350000 0.191204 0.008333 0.019444
2 0.361458 0.203241 0.009375 0.019444
2 0.469271 0.173611 0.009375 0.019444
2 0.459896 0.148148 0.006250 0.014815
2 0.596354 0.208796 0.016667 0.034259
1 0.527604 0.186574 0.011458 0.025000
1 0.387760 0.222222 0.011979 0.029630
