2 0.791146 0.209722 0.006250 0.013889
2 0.772396 0.207407 0.005208 0.014815
2 0.758333 0.196296 0.006250 0.011111
2 0.739062 0.193056 0.005208 0.010185
2 0.720573 0.190278 0.006771 0.010185
2 0.706771 0.188426 0.005208 0.012037
2 0.761979 0.218519 0.006250 0.018519
2 0.755990 0.233796 0.010937 0.026852
2 0.759115 0.284259 0.017188 0.050000
2 0.685417 0.187963 0.006250 0.012963
2 0.662760 0.192593 0.007812 0.016667
2 0.622135 0.199537 0.009896 0.028704
2 0.536719 0.227315 0.016146 0.036111
2 0.273438 0.343056 0.033333 0.073148
2 0.747917 0.555556 0.050000 0.166667
1 0.915625 0.501389 0.043750 0.110185
