2 0.133594 0.779167 0.091146 0.206481
2 0.350521 0.332870 0.035417 0.084259
2 0.376563 0.206481 0.012500 0.031481
2 0.357292 0.188889 0.009375 0.022222
2 0.824219 0.342130 0.029687 0.067593
2 0.715885 0.270370 0.022396 0.046296
2 0.588021 0.215741 0.019792 0.033333
2 0.516667 0.188889 0.013542 0.031481
2 0.474219 0.176852 0.010937 0.018519
2 0.364583 0.168056 0.006250 0.015741
2 0.372917 0.162963 0.005208 0.016667
2 0.380990 0.158333 0.004687 0.012963
2 0.385417 0.155556 0.004167 0.012963
1 0.359115 0.174537 0.006771 0.019444
1 0.454167 0.168519 0.008333 0.018519
0 0.466146 0.158333 0.005208 0.012963
0 0.492188 0.155093 0.004167 0.012037
