0 0.358594 0.199537 0.009896 0.023148
0 0.393490 0.186574 0.009896 0.021296
0 0.425521 0.215278 0.010417 0.034259
0 0.435937 0.201852 0.010417 0.025926
0 0.445573 0.173611 0.008854 0.017593
0 0.473438 0.188889 0.010417 0.024074
0 0.494010 0.162037 0.005729 0.014815
0 0.517969 0.175463 0.007812 0.019444
0 0.526042 0.156019 0.006250 0.012037
0 0.544792 0.152778 0.004167 0.011111
0 0.554688 0.164352 0.006250 0.015741
0 0.576562 0.158796 0.007292 0.013889
0 0.592969 0.156481 0.005729 0.011111
2 0.194792 0.227778 0.008333 0.024074
2 0.790885 0.455556 0.055729 0.129630
2 0.210938 0.535185 0.055208 0.148148
2 0.257292 0.358333 0.037500 0.087037
2 0.549740 0.265741 0.029687 0.072222
2 0.217188 0.253704 0.014583 0.035185
2 0.230208 0.298611 0.018750 0.052778
2 0.227865 0.206019 0.007812 0.017593
2 0.262240 0.189815 0.006771 0.014815
2 0.289323 0.201389 0.008854 0.023148
2 0.302865 0.187963 0.008854 0.018519
2 0.319792 0.207407 0.008333 0.024074
