2 0.218490 0.378704 0.042188 0.100000
2 0.334115 0.278241 0.028646 0.062037
2 0.427344 0.218056 0.020313 0.045370
2 0.476042 0.194907 0.013542 0.032407
2 0.504167 0.179630 0.011458 0.027778
2 0.645052 0.296296 0.027604 0.064815
2 0.646615 0.203241 0.010937 0.026852
2 0.638542 0.187500 0.010417 0.025000
2 0.620313 0.174074 0.010417 0.018519
2 0.593490 0.165741 0.008854 0.020370
2 0.553385 0.156481 0.007812 0.018519
2 0.424219 0.152315 0.007812 0.019444
2 0.454167 0.152315 0.008333 0.019444
2 0.468490 0.148611 0.007812 0.015741
2 0.479948 0.154167 0.008854 0.019444
