2 0.440885 0.234259 0.017188 0.040741
2 0.493490 0.208796 0.014063 0.032407
2 0.544271 0.196759 0.010417 0.023148
2 0.621094 0.192593 0.008854 0.022222
2 0.650521 0.229167 0.013542 0.037963
2 0.659635 0.256481 0.018229 0.048148
2 0.669792 0.218519 0.011458 0.031481
2 0.708594 0.216204 0.011979 0.030556
2 0.720313 0.202778 0.008333 0.020370
2 0.771615 0.222685 0.010937 0.023148
2 0.810417 0.221759 0.007292 0.021296
2 0.844271 0.241667 0.007292 0.020370
2 0.894792 0.249537 0.007292 0.019444
2 0.929948 0.273611 0.008854 0.019444
1 0.752865 0.393056 0.035937 0.086111
1 0.306771 0.356944 0.033333 0.082407
