2 0.636458 0.350000 0.040625 0.094444
2 0.211458 0.429630 0.037500 0.107407
2 0.230990 0.329167 0.026562 0.071296
2 0.152344 0.237500 0.007812 0.021296
2 0.179167 0.256944 0.014583 0.034259
2 0.198437 0.290741 0.019792 0.050000
2 0.182292 0.216667 0.007292 0.016667
2 0.214844 0.199537 0.007812 0.017593
2 0.242969 0.208796 0.008854 0.025000
2 0.272917 0.212963 0.008333 0.024074
2 0.255469 0.196759 0.007812 0.019444
2 0.276562 0.186574 0.006250 0.015741
2 0.471615 0.248148 0.023438 0.051852
2 0.299740 0.178241 0.006771 0.015741
0 0.369792 0.213889 0.008333 0.029630
0 0.309375 0.205093 0.009375 0.021296
0 0.342448 0.192130 0.006771 0.021296
0 0.380469 0.203704 0.010937 0.025926
0 0.390365 0.177778 0.006771 0.016667
0 0.415365 0.188889 0.008854 0.020370
0 0.437760 0.165278 0.006771 0.015741
0 0.457813 0.175000 0.006250 0.018519
0 0.494271 0.164352 0.006250 0.015741
0 0.468490 0.157407 0.005729 0.014815
