1 0.017448 0.321296 0.013021 0.029630
1 0.126042 0.259722 0.011458 0.023148
2 0.063542 0.280556 0.007292 0.020370
2 0.100781 0.294907 0.013021 0.028704
2 0.190885 0.275926 0.017188 0.037037
2 0.210938 0.235648 0.010417 0.021296
2 0.224740 0.281481 0.018229 0.044444
2 0.299219 0.334259 0.026562 0.068519
2 0.301042 0.283796 0.022917 0.050926
2 0.232031 0.428704 0.038021 0.094444
2 0.267448 0.224074 0.009896 0.024074
2 0.328906 0.214815 0.009896 0.025926
2 0.707292 0.303241 0.029167 0.063889
2 0.579427 0.234722 0.021354 0.043519
2 0.489063 0.212963 0.015625 0.035185
2 0.403646 0.208333 0.013542 0.031481
