2 0.148438 0.431481 0.039583 0.087037
2 0.358594 0.251389 0.018229 0.039815
2 0.478646 0.201852 0.013542 0.027778
2 0.776563 0.430556 0.041667 0.098148
2 0.581250 0.188889 0.009375 0.020370
2 0.649740 0.189352 0.007812 0.019444
2 0.674219 0.280556 0.020313 0.051852
2 0.668490 0.226389 0.014063 0.032407
2 0.692969 0.193056 0.007812 0.015741
2 0.703646 0.214352 0.010417 0.023148
2 0.718490 0.194444 0.005729 0.016667
2 0.738542 0.212963 0.007292 0.020370
2 0.759635 0.203241 0.005729 0.015741
2 0.772917 0.217130 0.007292 0.019444
2 0.794010 0.210185 0.005729 0.014815
2 0.817969 0.226852 0.006771 0.018519
2 0.826562 0.218519 0.005208 0.014815
2 0.854688 0.236574 0.007292 0.019444
2 0.862240 0.230556 0.004687 0.014815
2 0.871094 0.224537 0.004687 0.015741
2 0.866667 0.217130 0.004167 0.013889
2 0.889844 0.238426 0.005729 0.013889
2 0.892708 0.250926 0.007292 0.014815
2 0.898438 0.237500 0.006250 0.015741
2 0.908594 0.243981 0.005729 0.015741
2 0.915365 0.236574 0.005729 0.015741
2 0.928385 0.263426 0.007812 0.019444
2 0.949219 0.252778 0.005729 0.014815
2 0.962240 0.277778 0.006771 0.016667
2 0.982031 0.283333 0.005729 0.014815
2 0.989583 0.283796 0.005208 0.013889
2 0.977344 0.268981 0.005729 0.013889
