2 0.733333 0.468056 0.046875 0.128704
2 0.205208 0.392593 0.042708 0.101852
2 0.390625 0.251389 0.022917 0.054630
2 0.676302 0.309722 0.023438 0.063889
2 0.494271 0.208796 0.013542 0.036111
2 0.680990 0.250000 0.016146 0.044444
2 0.705469 0.231019 0.010937 0.032407
2 0.580990 0.194907 0.010937 0.025000
2 0.674219 0.197222 0.008854 0.022222
2 0.729167 0.206019 0.008333 0.021296
2 0.756510 0.228704 0.009896 0.027778
2 0.782292 0.220370 0.007292 0.018519
2 0.798177 0.237037 0.008854 0.024074
2 0.842708 0.249537 0.008333 0.019444
0 0.907292 0.279630 0.008333 0.020370
0 0.923438 0.275463 0.006250 0.013889
0 0.936719 0.284259 0.005729 0.016667
0 0.975781 0.314352 0.007812 0.019444
0 0.954948 0.318519 0.009896 0.024074
