2 0.718490 0.188426 0.007812 0.013889
2 0.733854 0.187963 0.007292 0.014815
2 0.755990 0.205093 0.008854 0.021296
2 0.681250 0.198148 0.011458 0.025926
2 0.687760 0.185185 0.007812 0.018519
2 0.796354 0.210185 0.008333 0.018519
2 0.617708 0.181019 0.008333 0.021296
2 0.594010 0.196759 0.011979 0.030556
2 0.570312 0.261111 0.022917 0.055556
2 0.535417 0.229167 0.016667 0.043519
2 0.548177 0.207407 0.015104 0.035185
2 0.518490 0.182870 0.008854 0.023148
2 0.670573 0.356019 0.041146 0.089815
2 0.194531 0.424537 0.038021 0.099074
2 0.289323 0.291667 0.021354 0.057407
2 0.348698 0.232870 0.016146 0.037963
2 0.424740 0.200926 0.011979 0.027778
