2 0.257812 0.327315 0.030208 0.067593
2 0.461198 0.221296 0.016146 0.035185
2 0.591667 0.202778 0.013542 0.027778
2 0.672135 0.203241 0.009896 0.023148
2 0.717708 0.207870 0.009375 0.017593
2 0.745052 0.211111 0.007812 0.020370
2 0.748698 0.244907 0.013021 0.032407
2 0.725260 0.275000 0.018229 0.044444
2 0.789323 0.221296 0.006771 0.018519
2 0.782813 0.242130 0.009375 0.025000
2 0.801302 0.434722 0.039062 0.100926
2 0.815625 0.246296 0.009375 0.022222
2 0.826823 0.232870 0.006771 0.017593
2 0.862240 0.256944 0.007812 0.021296
2 0.838802 0.222685 0.005729 0.013889
2 0.899219 0.269907 0.007812 0.021296
2 0.939063 0.286111 0.008333 0.020370
2 0.975781 0.303704 0.007812 0.020370
1 0.067448 0.285185 0.007812 0.020370
1 0.052604 0.285648 0.006250 0.017593
