2 0.248438 0.348148 0.034375 0.068519
2 0.296615 0.265741 0.018229 0.040741
2 0.266146 0.227315 0.011458 0.026852
2 0.239844 0.222685 0.010937 0.023148
2 0.220052 0.221296 0.008854 0.024074
2 0.199740 0.223611 0.006771 0.021296
2 0.209115 0.200926 0.006771 0.018519
2 0.291667 0.187963 0.007292 0.018519
2 0.324740 0.184259 0.007812 0.024074
2 0.357292 0.185648 0.008333 0.021296
2 0.404167 0.189352 0.010417 0.025000
2 0.475521 0.201852 0.014583 0.035185
2 0.542188 0.228704 0.017708 0.046296
2 0.656771 0.307407 0.030208 0.075926
