2 0.117448 0.417593 0.032813 0.075926
2 0.848177 0.550000 0.053646 0.138889
2 0.285156 0.256944 0.018229 0.041667
2 0.394792 0.204167 0.012500 0.025000
2 0.635417 0.343519 0.032292 0.077778
2 0.566667 0.249537 0.017708 0.045370
2 0.569271 0.208333 0.012500 0.029630
2 0.558333 0.177315 0.007292 0.017593
2 0.604948 0.193981 0.008854 0.023148
2 0.639844 0.191204 0.008854 0.021296
2 0.624479 0.177778 0.007292 0.016667
2 0.491667 0.183796 0.009375 0.021296
2 0.663802 0.180556 0.007812 0.016667
2 0.673438 0.191667 0.008333 0.018519
2 0.697656 0.184259 0.005729 0.016667
2 0.717708 0.196296 0.007292 0.016667
2 0.599479 0.176389 0.006250 0.015741
2 0.729167 0.189352 0.007292 0.013889
2 0.752604 0.201389 0.008333 0.017593
2 0.762240 0.196296 0.005729 0.016667
2 0.824219 0.218519 0.006771 0.016667
2 0.855990 0.227778 0.007812 0.016667
2 0.806771 0.206019 0.005208 0.013889
2 0.876302 0.232407 0.005729 0.016667
2 0.798958 0.200463 0.006250 0.013889
2 0.846875 0.208796 0.005208 0.013889
2 0.815625 0.197222 0.005208 0.012963
2 0.659635 0.162037 0.005729 0.012963
