1 0.565365 0.183796 0.004687 0.010185
1 0.599740 0.215741 0.014063 0.029630
1 0.760677 0.263889 0.013021 0.035185
2 0.045573 0.338426 0.006771 0.015741
2 0.078646 0.322685 0.007292 0.015741
2 0.133594 0.306944 0.008854 0.019444
2 0.148698 0.288426 0.007812 0.015741
2 0.219271 0.257870 0.007292 0.015741
2 0.225781 0.266667 0.006771 0.018519
2 0.297656 0.229630 0.007812 0.016667
2 0.322396 0.231944 0.009375 0.017593
2 0.357031 0.210648 0.005729 0.013889
2 0.410417 0.198148 0.005208 0.012963
2 0.398438 0.210185 0.007292 0.016667
2 0.455469 0.197685 0.006771 0.013889
2 0.482292 0.193519 0.005208 0.012963
2 0.296875 0.387500 0.040625 0.089815
2 0.408854 0.297222 0.027083 0.061111
2 0.484375 0.257870 0.021875 0.045370
2 0.545052 0.227778 0.016146 0.033333
2 0.634896 0.212500 0.011458 0.023148
2 0.691146 0.214815 0.009375 0.020370
2 0.800000 0.252778 0.010417 0.025926
2 0.774479 0.252778 0.011458 0.029630
2 0.751563 0.223611 0.009375 0.019444
2 0.764583 0.305093 0.018750 0.049074
2 0.873437 0.515278 0.042708 0.112037
2 0.788281 0.367130 0.028646 0.069444
2 0.835156 0.259722 0.010937 0.026852
2 0.848958 0.251852 0.007292 0.018519
2 0.894010 0.267130 0.007812 0.017593
2 0.869010 0.271759 0.010937 0.026852
2 0.912500 0.287500 0.009375 0.023148
2 0.921875 0.277778 0.007292 0.018519
2 0.928646 0.277315 0.006250 0.017593
2 0.935677 0.281481 0.006771 0.018519
2 0.954688 0.306481 0.009375 0.024074
2 0.944792 0.278241 0.005208 0.012037
2 0.874479 0.250926 0.006250 0.012963
2 0.910156 0.267130 0.005729 0.015741
